Potential	Current	Potential	Current	Potential	Current	Potential	Current	Potential	Current
V	A	V	A	V	A	V	A	V	A
	1 mHz		2 mHz		16 mHz		39 mHz		167 mHz
7.34329E-6	-2.27928E-11	8.36849E-6	-2.10047E-11	-1.90735E-6	-1.78099E-11	6.22273E-6	-2.18749E-11	7.31945E-6	-2.4128E-11
0.005	6.4373E-12	0.005	7.49826E-12	0.04	1.92368E-10	0.10001	5.8291E-10	0.49999	2.86237E-9
0.01001	3.45945E-11	0.01	3.50714E-11	0.08	3.93033E-10	0.20001	1.14576E-9	0.99998	4.70337E-9
0.01501	6.41823E-11	0.015	6.3169E-11	0.12	5.85187E-10	0.29997	1.64462E-9	0.99998	4.15727E-9
0.02	9.2876E-11	0.02001	9.0909E-11	0.16	7.67839E-10	0.39996	2.07382E-9	0.49999	2.18098E-9
0.025	1.21641E-10	0.025	1.18828E-10	0.2	9.3323E-10	0.49998	2.42198E-9	2.6226E-6	-1.27316E-10
0.03001	1.5074E-10	0.03	1.46198E-10	0.23998	1.08732E-9	0.59997	2.7131E-9	-0.50001	-2.90573E-9
0.035	1.79803E-10	0.035	1.73903E-10	0.27998	1.23334E-9	0.69999	2.93859E-9	-1.00002	-5.77334E-9
0.04	2.08962E-10	0.04001	2.01738E-10	0.31997	1.36483E-9	0.79997	3.17734E-9	-1.00002	-5.41869E-9
0.045	2.36928E-10	0.04501	2.28667E-10	0.35996	1.47787E-9	0.89999	3.39164E-9	-0.50001	-2.67172E-9
0.05	2.65753E-10	0.05001	2.56503E-10	0.39995	1.58811E-9	0.99998	3.59262E-9	3.3617E-6	6.42061E-11
0.05501	2.94912E-10	0.05501	2.84421E-10	0.43999	1.68457E-9	0.99998	3.42172E-9		
0.06001	3.2419E-10	0.06001	3.11017E-10	0.47998	1.78295E-9	0.89999	2.99246E-9		
0.06501	3.52037E-10	0.06501	3.39389E-10	0.51998	1.86661E-9	0.79997	2.67346E-9		
0.07001	3.811E-10	0.07001	3.66879E-10	0.55997	1.94068E-9	0.69999	2.39255E-9		
0.075	4.08506E-10	0.07501	3.94297E-10	0.59996	2.01021E-9	0.59998	2.12615E-9		
0.08001	4.3757E-10	0.08001	4.20952E-10	0.63999	2.06709E-9	0.49999	1.86985E-9		
0.085	4.65465E-10	0.08501	4.48072E-10	0.67999	2.12423E-9	0.39997	1.57905E-9		
0.09	4.9386E-10	0.09002	4.75681E-10	0.71999	2.19562E-9	0.29998	1.25098E-9		
0.09501	5.20802E-10	0.09501	5.01013E-10	0.75997	2.26356E-9	0.20001	8.7496E-10		
0.1	5.49984E-10	0.10001	5.28729E-10	0.79997	2.31127E-9	0.10001	4.38464E-10		
0.10501	5.78344E-10	0.10501	5.57148E-10	0.84	2.38485E-9	7.15256E-6	-6.14047E-11		
0.11001	6.05762E-10	0.11001	5.82314E-10	0.87999	2.42325E-9	-0.10001	-6.06442E-10		
0.11501	6.32894E-10	0.11501	6.08385E-10	0.91999	2.49498E-9	-0.20001	-1.18539E-9		
0.12001	6.60753E-10	0.12001	6.35064E-10	0.95999	2.5532E-9	-0.3	-1.7759E-9		
0.12501	6.8922E-10	0.12501	6.60765E-10	0.99998	2.59963E-9	-0.40002	-2.36621E-9		
0.13	7.16114E-10	0.13001	6.86884E-10	0.99998	2.50654E-9	-0.5	-2.96035E-9		
0.13501	7.44557E-10	0.13501	7.1187E-10	0.95998	2.37155E-9	-0.60002	-3.53391E-9		
0.14001	7.70867E-10	0.14001	7.39825E-10	0.91999	2.26328E-9	-0.7	-4.14461E-9		
0.145	7.97236E-10	0.14501	7.65133E-10	0.88	2.15518E-9	-0.80001	-4.85631E-9		
0.15	8.24404E-10	0.15001	7.89547E-10	0.84	2.0564E-9	-0.89999	-5.43118E-9		
0.155	8.48997E-10	0.15501	8.16905E-10	0.79998	1.96644E-9	-1.00001	-5.72168E-9		
0.16001	8.76558E-10	0.16001	8.40318E-10	0.75998	1.87817E-9	-1.00002	-5.2647E-9		
0.165	9.03106E-10	0.165	8.67116E-10	0.71999	1.79597E-9	-0.89999	-4.40861E-9		
0.17	9.29689E-10	0.17	8.92341E-10	0.68	1.73341E-9	-0.80001	-3.83856E-9		
0.175	9.57298E-10	0.175	9.18269E-10	0.63999	1.66235E-9	-0.7	-3.35696E-9		
0.18	9.81057E-10	0.18	9.44996E-10	0.59997	1.58359E-9	-0.60002	-2.8887E-9		
0.18499	1.00704E-9	0.185	9.66704E-10	0.55998	1.51203E-9	-0.5	-2.45427E-9		
0.19	1.03166E-9	0.19	9.8964E-10	0.51998	1.43226E-9	-0.40002	-2.0463E-9		
0.195	1.05572E-9	0.195	1.01511E-9	0.47999	1.35388E-9	-0.3	-1.58988E-9		
0.20001	1.08333E-9	0.2	1.03625E-9	0.44	1.27486E-9	-0.20001	-1.09998E-9		
0.20496	1.105E-9	0.20496	1.06078E-9	0.39997	1.19286E-9	-0.10001	-5.65612E-10		
0.20997	1.13151E-9	0.20997	1.08495E-9	0.35997	1.10929E-9	1.52826E-5	1.3876E-11		
0.21498	1.15674E-9	0.21498	1.10559E-9	0.31998	1.01308E-9				
0.21999	1.17568E-9	0.21999	1.13169E-9	0.27999	9.17518E-10				
0.22496	1.20137E-9	0.22496	1.15561E-9	0.24	8.11744E-10				
0.22996	1.22533E-9	0.22997	1.17435E-9	0.20001	6.95443E-10				
0.23497	1.2455E-9	0.23497	1.19777E-9	0.16001	5.71036E-10				
0.23999	1.26776E-9	0.23998	1.22243E-9	0.12001	4.34101E-10				
0.24496	1.2905E-9	0.24495	1.24372E-9	0.08001	2.882E-10				
0.24997	1.31075E-9	0.24996	1.26624E-9	0.04001	1.29926E-10				
0.25498	1.33584E-9	0.25497	1.28348E-9	1.09196E-5	-3.89218E-11				
0.25998	1.35492E-9	0.25998	1.30746E-9	-0.04002	-2.18236E-10				
0.26499	1.3799E-9	0.26499	1.32726E-9	-0.08002	-4.06587E-10				
0.26996	1.40152E-9	0.26996	1.34569E-9	-0.12002	-6.03187E-10				
0.27497	1.42132E-9	0.27497	1.36739E-9	-0.16002	-8.02529E-10				
0.27998	1.44154E-9	0.27998	1.3888E-9	-0.20002	-1.01019E-9				
0.28499	1.45785E-9	0.28499	1.41288E-9	-0.24002	-1.22076E-9				
0.28996	1.48033E-9	0.28996	1.43043E-9	-0.28	-1.43436E-9				
0.29497	1.49859E-9	0.29496	1.44699E-9	-0.31999	-1.64158E-9				
0.29998	1.52075E-9	0.29997	1.47667E-9	-0.35999	-1.84209E-9				
0.30498	1.5416E-9	0.30498	1.49187E-9	-0.40002	-2.03183E-9				
0.30999	1.55746E-9	0.30999	1.5137E-9	-0.44001	-2.22881E-9				
0.31496	1.57719E-9	0.31496	1.53326E-9	-0.48	-2.42083E-9				
0.31997	1.5898E-9	0.31996	1.55396E-9	-0.51999	-2.61703E-9				
0.32498	1.61176E-9	0.32497	1.57653E-9	-0.56002	-2.80558E-9				
0.32999	1.62321E-9	0.32999	1.59277E-9	-0.60002	-2.95746E-9				
0.33496	1.6438E-9	0.33497	1.59701E-9	-0.64	-3.15195E-9				
0.33997	1.66175E-9	0.33997	1.62078E-9	-0.68001	-3.32813E-9				
0.34498	1.67656E-9	0.34498	1.63275E-9	-0.72	-3.51952E-9				
0.35	1.6863E-9	0.34999	1.65482E-9	-0.76002	-3.70656E-9				
0.355	1.70207E-9	0.355	1.67218E-9	-0.80001	-3.85827E-9				
0.35997	1.71646E-9	0.35997	1.6924E-9	-0.84001	-3.96769E-9				
0.36497	1.73339E-9	0.36498	1.71466E-9	-0.87999	-4.08378E-9				
0.36999	1.74708E-9	0.36999	1.72515E-9	-0.92002	-4.11816E-9				
0.375	1.75697E-9	0.375	1.7395E-9	-0.96002	-4.08952E-9				
0.37997	1.76951E-9	0.37997	1.75003E-9	-1.00001	-4.05297E-9				
0.38498	1.78666E-9	0.38498	1.76818E-9	-1.00001	-3.82967E-9				
0.38999	1.79617E-9	0.39	1.77994E-9	-0.96002	-3.4658E-9				
0.39499	1.80628E-9	0.395	1.79446E-9	-0.92002	-3.21463E-9				
0.39997	1.81562E-9	0.39997	1.81402E-9	-0.88	-3.04325E-9				
0.40498	1.83485E-9	0.40498	1.82947E-9	-0.84	-2.87013E-9				
0.40999	1.84075E-9	0.40998	1.84051E-9	-0.80001	-2.74118E-9				
0.41499	1.84634E-9	0.415	1.86405E-9	-0.76002	-2.57956E-9				
0.42	1.86504E-9	0.42	1.87719E-9	-0.72	-2.44637E-9				
0.42497	1.87397E-9	0.42497	1.89354E-9	-0.68001	-2.30938E-9				
0.42997	1.88037E-9	0.42999	1.90915E-9	-0.64	-2.18332E-9				
0.43498	1.88806E-9	0.43499	1.91562E-9	-0.60001	-2.07933E-9				
0.43998	1.90213E-9	0.43999	1.92381E-9	-0.56002	-1.96486E-9				
0.44497	1.90862E-9	0.44497	1.94653E-9	-0.51999	-1.84919E-9				
0.44997	1.92261E-9	0.44997	1.95252E-9	-0.47999	-1.74003E-9				
0.45498	1.92856E-9	0.45498	1.96592E-9	-0.44	-1.62812E-9				
0.45999	1.93763E-9	0.45999	1.97557E-9	-0.40001	-1.50167E-9				
0.465	1.95028E-9	0.465	1.98629E-9	-0.35998	-1.38133E-9				
0.46997	1.94931E-9	0.46997	1.99388E-9	-0.31999	-1.24344E-9				
0.47498	1.95528E-9	0.47498	2.00808E-9	-0.28	-1.11099E-9				
0.47998	1.97039E-9	0.47999	2.0198E-9	-0.24001	-9.68289E-10				
0.48499	1.96767E-9	0.485	2.02724E-9	-0.20001	-8.29816E-10				
0.48996	1.97575E-9	0.48996	2.03996E-9	-0.16001	-6.82688E-10				
0.49497	1.98435E-9	0.49498	2.04951E-9	-0.12001	-5.22304E-10				
0.49998	1.98009E-9	0.49999	2.06835E-9	-0.08001	-3.5516E-10				
0.50498	1.98514E-9	0.50499	2.07311E-9	-0.04001	-1.78397E-10				
0.51	1.99025E-9	0.51	2.08189E-9	7.82013E-6	5.14984E-12				
0.51497	1.99256E-9	0.51497	2.0951E-9						
0.51998	1.99672E-9	0.51998	2.10202E-9						
0.52498	2.01031E-9	0.52499	2.10714E-9						
0.52999	2.00927E-9	0.52999	2.1147E-9						
0.53497	2.02359E-9	0.53498	2.12624E-9						
0.53998	2.0267E-9	0.53998	2.13873E-9						
0.54499	2.02914E-9	0.54499	2.14605E-9						
0.55	2.03224E-9	0.55	2.15348E-9						
0.55501	2.03425E-9	0.555	2.15815E-9						
0.55997	2.04442E-9	0.55997	2.16479E-9						
0.56498	2.0409E-9	0.56498	2.17299E-9						
0.56999	2.05055E-9	0.56999	2.18401E-9						
0.575	2.05104E-9	0.575	2.18426E-9						
0.57998	2.05842E-9	0.57997	2.18967E-9						
0.58498	2.07001E-9	0.58498	2.18575E-9						
0.59	2.07062E-9	0.58999	2.19331E-9						
0.59501	2.06707E-9	0.595	2.19082E-9						
0.59997	2.06851E-9	0.59997	2.19584E-9						
0.60498	2.06628E-9	0.60498	2.2082E-9						
0.60998	2.06535E-9	0.60999	2.21386E-9						
0.615	2.06076E-9	0.61499	2.2099E-9						
0.62	2.05905E-9	0.62	2.22578E-9						
0.62498	2.06926E-9	0.62498	2.22633E-9						
0.62998	2.06177E-9	0.62998	2.22834E-9						
0.63499	2.05908E-9	0.63498	2.23203E-9						
0.64	2.05933E-9	0.63999	2.22719E-9						
0.64497	2.05961E-9	0.64497	2.23506E-9						
0.64998	2.06817E-9	0.64998	2.23602E-9						
0.65499	2.07344E-9	0.65498	2.25036E-9						
0.65999	2.06279E-9	0.65999	2.25127E-9						
0.665	2.06887E-9	0.665	2.25234E-9						
0.66997	2.06383E-9	0.66997	2.26077E-9						
0.67498	2.07126E-9	0.67498	2.25439E-9						
0.67999	2.07361E-9	0.67999	2.26922E-9						
0.685	2.06838E-9	0.685	2.2746E-9						
0.68997	2.06969E-9	0.68998	2.2766E-9						
0.69498	2.06957E-9	0.69499	2.27344E-9						
0.69999	2.07599E-9	0.69999	2.2858E-9						
0.705	2.06991E-9	0.705	2.29013E-9						
0.71001	2.06982E-9	0.71001	2.28452E-9						
0.71498	2.07576E-9	0.71499	2.29479E-9						
0.71999	2.07562E-9	0.71999	2.29218E-9						
0.72499	2.0726E-9	0.725	2.29464E-9						
0.73	2.07751E-9	0.73	2.30906E-9						
0.73497	2.08038E-9	0.73498	2.3055E-9						
0.73998	2.07574E-9	0.73999	2.30969E-9						
0.74499	2.07216E-9	0.74499	2.32157E-9						
0.74999	2.07757E-9	0.75	2.32463E-9						
0.755	2.07688E-9	0.75501	2.32879E-9						
0.75998	2.06677E-9	0.75998	2.31779E-9						
0.76499	2.07107E-9	0.76499	2.3252E-9						
0.77	2.05966E-9	0.76999	2.33333E-9						
0.775	2.0653E-9	0.775	2.33587E-9						
0.77997	2.06131E-9	0.77997	2.32298E-9						
0.78498	2.05432E-9	0.78498	2.33582E-9						
0.79	2.05446E-9	0.79	2.33974E-9						
0.795	2.06854E-9	0.795	2.34771E-9						
0.79998	2.0489E-9	0.79998	2.34592E-9						
0.80499	2.05164E-9	0.80498	2.344E-9						
0.80999	2.0525E-9	0.80999	2.35275E-9						
0.81499	2.0519E-9	0.815	2.3644E-9						
0.82	2.04723E-9	0.82001	2.35744E-9						
0.82497	2.03918E-9	0.82498	2.36099E-9						
0.82998	2.04312E-9	0.82999	2.36027E-9						
0.83499	2.05165E-9	0.835	2.35658E-9						
0.83999	2.04835E-9	0.84001	2.35572E-9						
0.84497	2.04473E-9	0.84498	2.35991E-9						
0.84998	2.0505E-9	0.84999	2.37033E-9						
0.85499	2.03365E-9	0.855	2.37347E-9						
0.86	2.03236E-9	0.86001	2.38124E-9						
0.865	2.0282E-9	0.86502	2.37912E-9						
0.86998	2.02082E-9	0.86998	2.37654E-9						
0.87498	2.03029E-9	0.87499	2.36812E-9						
0.87999	2.02742E-9	0.88	2.37656E-9						
0.885	2.0178E-9	0.88501	2.37719E-9						
0.88997	2.02165E-9	0.88997	2.37612E-9						
0.89498	2.01887E-9	0.89497	2.37958E-9						
0.89998	2.02308E-9	0.89999	2.38106E-9						
0.90499	2.01765E-9	0.905	2.36486E-9						
0.91	2.02053E-9	0.91	2.3647E-9						
0.91497	2.0192E-9	0.91498	2.37362E-9						
0.91998	2.01373E-9	0.91998	2.36773E-9						
0.925	2.01188E-9	0.92499	2.37179E-9						
0.93	2.01154E-9	0.93	2.36532E-9						
0.93498	2.00615E-9	0.93497	2.36902E-9						
0.93999	2.0064E-9	0.93998	2.3695E-9						
0.945	1.9951E-9	0.94499	2.35672E-9						
0.95	1.99064E-9	0.95	2.35921E-9						
0.95501	1.97831E-9	0.95501	2.36634E-9						
0.95998	1.98637E-9	0.95997	2.35813E-9						
0.96499	1.98263E-9	0.96498	2.3607E-9						
0.97	1.98644E-9	0.96999	2.36202E-9						
0.97501	1.9846E-9	0.975	2.35323E-9						
0.97998	1.9752E-9	0.97998	2.35342E-9						
0.98499	1.97171E-9	0.98498	2.3469E-9						
0.99	1.97421E-9	0.98999	2.34162E-9						
0.99501	1.97258E-9	0.995	2.34501E-9						
0.99999	1.97606E-9	0.99997	2.33598E-9						
0.99998	1.9655E-9	0.99998	2.34007E-9						
0.99502	1.94834E-9	0.99501	2.30721E-9						
0.99	1.93442E-9	0.99	2.2912E-9						
0.985	1.92885E-9	0.98499	2.28754E-9						
0.97998	1.91447E-9	0.97998	2.2643E-9						
0.97501	1.90737E-9	0.97501	2.24148E-9						
0.97	1.89524E-9	0.97	2.22514E-9						
0.96499	1.88504E-9	0.965	2.22867E-9						
0.95999	1.87181E-9	0.95999	2.20643E-9						
0.95501	1.85882E-9	0.95502	2.18862E-9						
0.95	1.85012E-9	0.95001	2.17416E-9						
0.94499	1.83989E-9	0.945	2.16727E-9						
0.93998	1.82815E-9	0.93999	2.13791E-9						
0.93498	1.82035E-9	0.93498	2.13757E-9						
0.93	1.80789E-9	0.92999	2.11703E-9						
0.92499	1.7992E-9	0.92499	2.11518E-9						
0.91998	1.79741E-9	0.91998	2.08639E-9						
0.91497	1.78494E-9	0.91497	2.09411E-9						
0.91001	1.7814E-9	0.91	2.07467E-9						
0.905	1.78014E-9	0.90499	2.06363E-9						
0.89999	1.76058E-9	0.89998	2.04616E-9						
0.89499	1.75403E-9	0.89497	2.0431E-9						
0.88997	1.74751E-9	0.88997	2.02647E-9						
0.885	1.74295E-9	0.885	2.02037E-9						
0.87999	1.72582E-9	0.87999	2.01275E-9						
0.87498	1.72583E-9	0.87498	2.0058E-9						
0.86997	1.72449E-9	0.86997	1.99791E-9						
0.865	1.71434E-9	0.865	1.99349E-9						
0.85999	1.70184E-9	0.85999	1.97897E-9						
0.85499	1.69247E-9	0.85499	1.97468E-9						
0.84998	1.6897E-9	0.84998	1.96588E-9						
0.84497	1.67953E-9	0.84497	1.95696E-9						
0.84	1.679E-9	0.84	1.95087E-9						
0.835	1.67657E-9	0.83499	1.93404E-9						
0.82999	1.66979E-9	0.82998	1.92964E-9						
0.82498	1.66829E-9	0.82497	1.91517E-9						
0.82	1.65243E-9	0.82	1.91355E-9						
0.815	1.65651E-9	0.81499	1.89949E-9						
0.80999	1.6436E-9	0.80998	1.90005E-9						
0.80498	1.64711E-9	0.80497	1.88366E-9						
0.79997	1.6341E-9	0.79997	1.87864E-9						
0.79499	1.62935E-9	0.795	1.86822E-9						
0.78999	1.62497E-9	0.78999	1.8556E-9						
0.78497	1.6206E-9	0.78498	1.85298E-9						
0.77996	1.60986E-9	0.77997	1.84019E-9						
0.775	1.60394E-9	0.775	1.8425E-9						
0.76999	1.60139E-9	0.76999	1.83432E-9						
0.76498	1.59941E-9	0.76498	1.8327E-9						
0.75998	1.59448E-9	0.75998	1.81708E-9						
0.755	1.5859E-9	0.755	1.80266E-9						
0.75	1.58404E-9	0.74999	1.80533E-9						
0.74499	1.57171E-9	0.74499	1.79726E-9						
0.73998	1.57007E-9	0.73998	1.78553E-9						
0.73497	1.56988E-9	0.73497	1.78105E-9						
0.73	1.55703E-9	0.72999	1.77479E-9						
0.725	1.5533E-9	0.72499	1.7554E-9						
0.71999	1.55081E-9	0.71999	1.74954E-9						
0.71497	1.5409E-9	0.71498	1.7343E-9						
0.71	1.53944E-9	0.71001	1.73795E-9						
0.705	1.53193E-9	0.705	1.72493E-9						
0.69999	1.52367E-9	0.7	1.72037E-9						
0.69498	1.52102E-9	0.69499	1.712E-9						
0.68998	1.52036E-9	0.68998	1.71E-9						
0.685	1.51054E-9	0.68501	1.70015E-9						
0.67999	1.50821E-9	0.68	1.69607E-9						
0.67498	1.49754E-9	0.67498	1.68805E-9						
0.66997	1.49952E-9	0.66997	1.68524E-9						
0.665	1.48528E-9	0.665	1.67288E-9						
0.65999	1.48333E-9	0.65999	1.65E-9						
0.65498	1.47871E-9	0.65498	1.64279E-9						
0.64998	1.46917E-9	0.64997	1.64471E-9						
0.64496	1.45924E-9	0.64497	1.63614E-9						
0.63998	1.4538E-9	0.63999	1.62516E-9						
0.63497	1.44769E-9	0.63498	1.61387E-9						
0.62997	1.44684E-9	0.62998	1.6071E-9						
0.62497	1.43799E-9	0.62497	1.59563E-9						
0.61999	1.43188E-9	0.62	1.58848E-9						
0.61498	1.42684E-9	0.61499	1.58132E-9						
0.60998	1.41647E-9	0.60998	1.57741E-9						
0.60497	1.40847E-9	0.60497	1.5692E-9						
0.59997	1.41038E-9	0.59997	1.56207E-9						
0.595	1.41068E-9	0.59499	1.55265E-9						
0.58999	1.41256E-9	0.58999	1.55361E-9						
0.58498	1.39833E-9	0.58498	1.545E-9						
0.57997	1.39612E-9	0.57997	1.52911E-9						
0.57501	1.38404E-9	0.575	1.51128E-9						
0.56999	1.3798E-9	0.56999	1.50945E-9						
0.56499	1.37516E-9	0.56498	1.50632E-9						
0.55998	1.38901E-9	0.55997	1.49308E-9						
0.55501	1.37933E-9	0.555	1.48618E-9						
0.55	1.38193E-9	0.54999	1.48152E-9						
0.54499	1.37565E-9	0.54498	1.47086E-9						
0.53998	1.37035E-9	0.53997	1.47109E-9						
0.53497	1.36334E-9	0.53497	1.45489E-9						
0.52999	1.36216E-9	0.52999	1.45829E-9						
0.52499	1.35487E-9	0.52499	1.44585E-9						
0.51997	1.35477E-9	0.51998	1.43578E-9						
0.51497	1.34854E-9	0.51497	1.42446E-9						
0.51	1.34124E-9	0.51	1.41734E-9						
0.505	1.33619E-9	0.505	1.40374E-9						
0.49999	1.32354E-9	0.49999	1.39985E-9						
0.49497	1.31954E-9	0.49498	1.39576E-9						
0.48997	1.31128E-9	0.48996	1.38037E-9						
0.48499	1.30205E-9	0.48499	1.37017E-9						
0.47998	1.29601E-9	0.47998	1.35784E-9						
0.47497	1.28459E-9	0.47497	1.35037E-9						
0.46996	1.28198E-9	0.46996	1.3433E-9						
0.46499	1.27348E-9	0.46499	1.33396E-9						
0.45999	1.2585E-9	0.45998	1.32449E-9						
0.45498	1.25307E-9	0.45497	1.31335E-9						
0.44997	1.24787E-9	0.44997	1.3038E-9						
0.44496	1.24298E-9	0.44496	1.30061E-9						
0.43999	1.23868E-9	0.43999	1.29037E-9						
0.43498	1.22759E-9	0.43498	1.28098E-9						
0.42998	1.217E-9	0.42997	1.27746E-9						
0.42496	1.21009E-9	0.42497	1.26078E-9						
0.41999	1.20115E-9	0.42	1.24679E-9						
0.41498	1.19194E-9	0.41499	1.23857E-9						
0.40998	1.18558E-9	0.40999	1.22284E-9						
0.40497	1.17817E-9	0.40498	1.21163E-9						
0.39997	1.16622E-9	0.39997	1.20466E-9						
0.39499	1.16279E-9	0.395	1.19681E-9						
0.38999	1.15316E-9	0.38999	1.18524E-9						
0.38498	1.14067E-9	0.38498	1.17016E-9						
0.37996	1.13363E-9	0.37996	1.16384E-9						
0.37499	1.12004E-9	0.37499	1.15619E-9						
0.36999	1.11279E-9	0.36999	1.14102E-9						
0.36497	1.10004E-9	0.36498	1.13047E-9						
0.35997	1.09371E-9	0.35997	1.12077E-9						
0.35499	1.08699E-9	0.355	1.10785E-9						
0.34998	1.07673E-9	0.34999	1.09509E-9						
0.34497	1.0661E-9	0.34498	1.08685E-9						
0.33996	1.05785E-9	0.33997	1.0729E-9						
0.33495	1.04998E-9	0.33497	1.06114E-9						
0.32998	1.04039E-9	0.32999	1.05133E-9						
0.32497	1.02779E-9	0.32498	1.03482E-9						
0.31997	1.0147E-9	0.31997	1.02487E-9						
0.31496	1.00498E-9	0.31496	1.0174E-9						
0.30998	9.96506E-10	0.30998	9.9349E-10						
0.30497	9.83083E-10	0.30497	9.8114E-10						
0.29996	9.71067E-10	0.29997	9.74429E-10						
0.29496	9.58562E-10	0.29496	9.6041E-10						
0.28995	9.48048E-10	0.28995	9.47893E-10						
0.28498	9.36818E-10	0.28498	9.36866E-10						
0.27998	9.23479E-10	0.27997	9.2454E-10						
0.27497	9.094E-10	0.27496	9.12774E-10						
0.26996	8.97241E-10	0.26995	9.02915E-10						
0.26499	8.83198E-10	0.26499	8.86881E-10						
0.25998	8.73411E-10	0.25998	8.75473E-10						
0.25497	8.56674E-10	0.25497	8.60405E-10						
0.24996	8.44908E-10	0.24996	8.4554E-10						
0.24495	8.35109E-10	0.24496	8.35872E-10						
0.23998	8.21066E-10	0.23999	8.17335E-10						
0.23496	8.07095E-10	0.23498	8.03041E-10						
0.22995	7.9571E-10	0.22997	7.90274E-10						
0.22495	7.84707E-10	0.22496	7.7827E-10						
0.21998	7.71022E-10	0.21998	7.59995E-10						
0.21497	7.52199E-10	0.21498	7.48038E-10						
0.20996	7.40278E-10	0.20997	7.32625E-10						
0.20495	7.25758E-10	0.20496	7.19237E-10						
0.2	7.10154E-10	0.20001	7.03824E-10						
0.19501	6.97005E-10	0.195	6.8779E-10						
0.19001	6.84929E-10	0.19	6.74248E-10						
0.18501	6.6793E-10	0.185	6.58727E-10						
0.18001	6.53744E-10	0.18	6.41882E-10						
0.17501	6.36637E-10	0.175	6.26302E-10						
0.17	6.23167E-10	0.17	6.1202E-10						
0.16501	6.08408E-10	0.165	5.97501E-10						
0.16	5.90551E-10	0.16	5.80382E-10						
0.155	5.7708E-10	0.155	5.64241E-10						
0.15001	5.59449E-10	0.15	5.47647E-10						
0.145	5.44143E-10	0.145	5.30064E-10						
0.14001	5.25916E-10	0.14	5.14519E-10						
0.13501	5.08773E-10	0.13501	4.97758E-10						
0.13	4.91977E-10	0.13	4.79412E-10						
0.125	4.7437E-10	0.125	4.62735E-10						
0.12	4.59814E-10	0.12001	4.45974E-10						
0.115	4.40192E-10	0.115	4.26745E-10						
0.11001	4.24969E-10	0.11001	4.089E-10						
0.10501	4.04477E-10	0.105	3.91507E-10						
0.10001	3.87633E-10	0.1	3.74258E-10						
0.09501	3.68249E-10	0.095	3.55661E-10						
0.09	3.50463E-10	0.09	3.37553E-10						
0.08501	3.30472E-10	0.08501	3.19576E-10						
0.08001	3.11327E-10	0.08001	2.99883E-10						
0.07501	2.93279E-10	0.075	2.82121E-10						
0.07001	2.73919E-10	0.07	2.62129E-10						
0.06501	2.54524E-10	0.065	2.4358E-10						
0.06001	2.34056E-10	0.06	2.2527E-10						
0.05501	2.1311E-10	0.055	2.04992E-10						
0.05001	1.93071E-10	0.05	1.84882E-10						
0.045	1.72842E-10	0.045	1.65486E-10						
0.04001	1.52349E-10	0.04001	1.4528E-10						
0.035	1.31273E-10	0.03501	1.25039E-10						
0.03001	1.09732E-10	0.03001	1.04129E-10						
0.025	8.85844E-11	0.025	8.34346E-11						
0.02001	6.66499E-11	0.02001	6.19173E-11						
0.01501	4.52757E-11	0.01501	4.07338E-11						
0.01001	2.14458E-11	0.01001	1.7941E-11						
0.00501	4.76837E-13	0.005	-2.59876E-12						
2.16961E-6	-2.25186E-11	3.21865E-6	-2.46406E-11						
-0.00502	-4.56214E-11	-0.00501	-4.673E-11						
-0.01002	-6.88553E-11	-0.01001	-6.9046E-11						
-0.01502	-9.26256E-11	-0.01501	-9.19223E-11						
-0.02003	-1.1667E-10	-0.02001	-1.14596E-10						
-0.02502	-1.40417E-10	-0.02501	-1.37758E-10						
-0.03003	-1.64783E-10	-0.03001	-1.61505E-10						
-0.03502	-1.89686E-10	-0.03501	-1.85061E-10						
-0.04002	-2.15304E-10	-0.04001	-2.09236E-10						
-0.04502	-2.40755E-10	-0.04501	-2.34151E-10						
-0.05002	-2.66409E-10	-0.05001	-2.57444E-10						
-0.05502	-2.93517E-10	-0.05501	-2.81727E-10						
-0.06002	-3.20816E-10	-0.06001	-3.07488E-10						
-0.06501	-3.47781E-10	-0.06501	-3.33929E-10						
-0.07002	-3.75283E-10	-0.07001	-3.58534E-10						
-0.07501	-4.02939E-10	-0.07501	-3.85451E-10						
-0.08001	-4.30965E-10	-0.08001	-4.12416E-10						
-0.08501	-4.59182E-10	-0.08501	-4.39942E-10						
-0.09001	-4.88496E-10	-0.09001	-4.67229E-10						
-0.09501	-5.16832E-10	-0.09501	-4.93669E-10						
-0.10001	-5.46432E-10	-0.10001	-5.21517E-10						
-0.10501	-5.74589E-10	-0.10501	-5.49841E-10						
-0.11002	-6.05011E-10	-0.11001	-5.7863E-10						
-0.11502	-6.3684E-10	-0.11501	-6.05941E-10						
-0.12001	-6.67226E-10	-0.12001	-6.34909E-10						
-0.12501	-6.99353E-10	-0.12501	-6.64198E-10						
-0.13001	-7.30145E-10	-0.13	-6.91652E-10						
-0.13501	-7.604E-10	-0.13501	-7.2155E-10						
-0.14001	-7.93135E-10	-0.14001	-7.496E-10						
-0.14501	-8.23557E-10	-0.14501	-7.78472E-10						
-0.15001	-8.55327E-10	-0.15001	-8.07476E-10						
-0.15501	-8.88026E-10	-0.15501	-8.36217E-10						
-0.16001	-9.19962E-10	-0.16001	-8.68189E-10						
-0.16501	-9.534E-10	-0.16501	-8.95131E-10						
-0.17001	-9.89401E-10	-0.17001	-9.23395E-10						
-0.17501	-1.02508E-9	-0.17501	-9.56392E-10						
-0.18	-1.05749E-9	-0.18001	-9.85897E-10						
-0.185	-1.09514E-9	-0.185	-1.01149E-9						
-0.19001	-1.12948E-9	-0.19	-1.04669E-9						
-0.19501	-1.16227E-9	-0.19501	-1.07588E-9						
-0.20002	-1.19985E-9	-0.20001	-1.11032E-9						
-0.20499	-1.24475E-9	-0.20498	-1.14412E-9						
-0.21	-1.28154E-9	-0.20999	-1.17964E-9						
-0.21501	-1.32301E-9	-0.215	-1.2107E-9						
-0.22001	-1.36406E-9	-0.22001	-1.24817E-9						
-0.22498	-1.41268E-9	-0.22498	-1.27733E-9						
-0.23	-1.46339E-9	-0.22999	-1.3124E-9						
-0.235	-1.51588E-9	-0.235	-1.34623E-9						
-0.24001	-1.57228E-9	-0.24002	-1.37848E-9						
-0.24502	-1.60614E-9	-0.24502	-1.41462E-9						
-0.24999	-1.65192E-9	-0.24999	-1.44892E-9						
-0.255	-1.67621E-9	-0.25499	-1.48182E-9						
-0.26001	-1.70238E-9	-0.26001	-1.50882E-9						
-0.26502	-1.73153E-9	-0.26502	-1.54036E-9						
-0.26999	-1.75011E-9	-0.26999	-1.56448E-9						
-0.27499	-1.75487E-9	-0.27499	-1.60757E-9						
-0.28	-1.77199E-9	-0.28	-1.64074E-9						
-0.28501	-1.77537E-9	-0.28501	-1.67118E-9						
-0.29002	-1.78063E-9	-0.29002	-1.69569E-9						
-0.29499	-1.78614E-9	-0.29499	-1.71878E-9						
-0.29999	-1.77E-9	-0.3	-1.7403E-9						
-0.305	-1.76455E-9	-0.30501	-1.76532E-9						
-0.31	-1.77374E-9	-0.31001	-1.78297E-9						
-0.31498	-1.78536E-9	-0.31499	-1.7946E-9						
-0.31998	-1.79355E-9	-0.31999	-1.81484E-9						
-0.325	-1.79877E-9	-0.325	-1.82277E-9						
-0.33	-1.80693E-9	-0.33001	-1.84859E-9						
-0.33501	-1.81638E-9	-0.33501	-1.85721E-9						
-0.33998	-1.83754E-9	-0.33998	-1.85804E-9						
-0.345	-1.84293E-9	-0.34499	-1.87099E-9						
-0.35001	-1.85223E-9	-0.35	-1.88723E-9						
-0.35502	-1.85579E-9	-0.35501	-1.89571E-9						
-0.35999	-1.87672E-9	-0.35998	-1.9194E-9						
-0.36499	-1.90507E-9	-0.36499	-1.93206E-9						
-0.37	-1.91048E-9	-0.37	-1.94042E-9						
-0.37502	-1.92941E-9	-0.37502	-1.94988E-9						
-0.38003	-1.94074E-9	-0.38003	-1.96362E-9						
-0.385	-1.95119E-9	-0.38501	-1.97812E-9						
-0.39001	-1.96785E-9	-0.39002	-1.98736E-9						
-0.39501	-1.98351E-9	-0.39502	-2.00945E-9						
-0.40002	-1.99835E-9	-0.40003	-2.02311E-9						
-0.40499	-2.01584E-9	-0.405	-2.03692E-9						
-0.41	-2.03946E-9	-0.41001	-2.06338E-9						
-0.41501	-2.0336E-9	-0.41502	-2.07193E-9						
-0.42002	-2.05807E-9	-0.42003	-2.09916E-9						
-0.42503	-2.061E-9	-0.42504	-2.11179E-9						
-0.43	-2.08681E-9	-0.43	-2.1238E-9						
-0.43501	-2.09162E-9	-0.43501	-2.15899E-9						
-0.44001	-2.10396E-9	-0.44002	-2.1692E-9						
-0.44503	-2.11421E-9	-0.44503	-2.17295E-9						
-0.44999	-2.11579E-9	-0.45	-2.18433E-9						
-0.455	-2.12425E-9	-0.455	-2.21024E-9						
-0.46001	-2.13182E-9	-0.46002	-2.221E-9						
-0.46501	-2.1518E-9	-0.46502	-2.24812E-9						
-0.47002	-2.15777E-9	-0.47003	-2.27751E-9						
-0.475	-2.17749E-9	-0.475	-2.28882E-9						
-0.48	-2.17873E-9	-0.48001	-2.28951E-9						
-0.48502	-2.2067E-9	-0.48502	-2.31225E-9						
-0.49002	-2.20113E-9	-0.49003	-2.32122E-9						
-0.495	-2.20137E-9	-0.495	-2.34336E-9						
-0.50001	-2.20162E-9	-0.50001	-2.33817E-9						
-0.50501	-2.20044E-9	-0.50502	-2.33581E-9						
-0.51002	-2.20098E-9	-0.51002	-2.35581E-9						
-0.51503	-2.2081E-9	-0.51503	-2.38692E-9						
-0.52	-2.21632E-9	-0.52	-2.38937E-9						
-0.525	-2.22299E-9	-0.52501	-2.41795E-9						
-0.53002	-2.20753E-9	-0.53002	-2.41804E-9						
-0.53503	-2.22017E-9	-0.53503	-2.43769E-9						
-0.54	-2.22489E-9	-0.54	-2.43905E-9						
-0.54502	-2.22107E-9	-0.54501	-2.4447E-9						
-0.55002	-2.21119E-9	-0.55002	-2.43685E-9						
-0.55503	-2.20495E-9	-0.55503	-2.45156E-9						
-0.56004	-2.22456E-9	-0.56004	-2.455E-9						
-0.56501	-2.22493E-9	-0.56501	-2.46316E-9						
-0.57002	-2.2068E-9	-0.57001	-2.49134E-9						
-0.57503	-2.20336E-9	-0.57501	-2.48668E-9						
-0.58004	-2.20542E-9	-0.58002	-2.49085E-9						
-0.585	-2.21989E-9	-0.585	-2.49466E-9						
-0.59001	-2.20745E-9	-0.59	-2.48988E-9						
-0.59502	-2.22257E-9	-0.59501	-2.49352E-9						
-0.60002	-2.2209E-9	-0.60002	-2.49939E-9						
-0.60503	-2.20187E-9	-0.60503	-2.49431E-9						
-0.61	-2.21787E-9	-0.61	-2.50047E-9						
-0.61501	-2.20456E-9	-0.61501	-2.4997E-9						
-0.62001	-2.21087E-9	-0.62001	-2.50255E-9						
-0.62502	-2.20133E-9	-0.62503	-2.50962E-9						
-0.62999	-2.19549E-9	-0.62999	-2.52846E-9						
-0.63501	-2.17724E-9	-0.63501	-2.50955E-9						
-0.64002	-2.18147E-9	-0.64001	-2.51172E-9						
-0.64503	-2.16004E-9	-0.64502	-2.51302E-9						
-0.65003	-2.16266E-9	-0.65003	-2.53165E-9						
-0.655	-2.16554E-9	-0.655	-2.51554E-9						
-0.66002	-2.18068E-9	-0.66001	-2.52048E-9						
-0.66502	-2.18582E-9	-0.66501	-2.52764E-9						
-0.67003	-2.19733E-9	-0.67002	-2.50276E-9						
-0.675	-2.18432E-9	-0.67499	-2.51125E-9						
-0.68001	-2.18141E-9	-0.68001	-2.48199E-9						
-0.68502	-2.17116E-9	-0.68502	-2.48756E-9						
-0.69002	-2.17472E-9	-0.69002	-2.49896E-9						
-0.69503	-2.19463E-9	-0.69503	-2.50242E-9						
-0.70001	-2.16944E-9	-0.7	-2.47935E-9						
-0.70501	-2.1524E-9	-0.70501	-2.467E-9						
-0.71002	-2.15237E-9	-0.71002	-2.47785E-9						
-0.71503	-2.16198E-9	-0.71502	-2.47058E-9						
-0.72001	-2.1721E-9	-0.71999	-2.46059E-9						
-0.72501	-2.16216E-9	-0.725	-2.44896E-9						
-0.73002	-2.14047E-9	-0.73001	-2.44424E-9						
-0.73503	-2.12795E-9	-0.73502	-2.44004E-9						
-0.74004	-2.12699E-9	-0.74003	-2.43789E-9						
-0.745	-2.11898E-9	-0.74501	-2.4049E-9						
-0.75001	-2.13015E-9	-0.75001	-2.42959E-9						
-0.75502	-2.13197E-9	-0.75502	-2.42108E-9						
-0.76002	-2.13622E-9	-0.76002	-2.43497E-9						
-0.765	-2.13621E-9	-0.765	-2.45193E-9						
-0.77001	-2.11446E-9	-0.77	-2.44526E-9						
-0.77501	-2.09904E-9	-0.77501	-2.45501E-9						
-0.78002	-2.13093E-9	-0.78002	-2.44697E-9						
-0.78503	-2.12425E-9	-0.78503	-2.45293E-9						
-0.79001	-2.10543E-9	-0.79	-2.45035E-9						
-0.79501	-2.11076E-9	-0.79501	-2.44907E-9						
-0.80001	-2.10756E-9	-0.80001	-2.42957E-9						
-0.80503	-2.11852E-9	-0.80502	-2.48365E-9						
-0.81	-2.11118E-9	-0.81	-2.45825E-9						
-0.815	-2.10106E-9	-0.815	-2.47288E-9						
-0.82001	-2.10646E-9	-0.82001	-2.45486E-9						
-0.82502	-2.12427E-9	-0.82502	-2.4375E-9						
-0.83002	-2.11356E-9	-0.83003	-2.45267E-9						
-0.83499	-2.10518E-9	-0.835	-2.4676E-9						
-0.84001	-2.12728E-9	-0.84001	-2.46971E-9						
-0.84502	-2.11884E-9	-0.84502	-2.4417E-9						
-0.85002	-2.1335E-9	-0.85003	-2.4129E-9						
-0.855	-2.12855E-9	-0.855	-2.45737E-9						
-0.86001	-2.11284E-9	-0.86001	-2.44654E-9						
-0.86501	-2.10236E-9	-0.86501	-2.43313E-9						
-0.87002	-2.10862E-9	-0.87002	-2.43092E-9						
-0.87503	-2.09644E-9	-0.87503	-2.42654E-9						
-0.88	-2.10811E-9	-0.88	-2.44859E-9						
-0.88501	-2.09912E-9	-0.88501	-2.42707E-9						
-0.89002	-2.10454E-9	-0.89002	-2.38699E-9						
-0.89503	-2.08834E-9	-0.89503	-2.43058E-9						
-0.9	-2.11377E-9	-0.9	-2.41827E-9						
-0.90501	-2.09569E-9	-0.905	-2.51586E-9						
-0.91001	-2.07011E-9	-0.91002	-2.4744E-9						
-0.91502	-2.06298E-9	-0.91502	-2.48138E-9						
-0.92003	-2.06896E-9	-0.92003	-2.44758E-9						
-0.925	-2.09078E-9	-0.925	-2.43495E-9						
-0.93002	-2.09448E-9	-0.93001	-2.4408E-9						
-0.93502	-2.0812E-9	-0.93502	-2.4076E-9						
-0.94004	-2.06946E-9	-0.94003	-2.40052E-9						
-0.945	-2.05902E-9	-0.945	-2.413E-9						
-0.95002	-2.0568E-9	-0.95001	-2.40253E-9						
-0.95501	-2.03843E-9	-0.95502	-2.3625E-9						
-0.96002	-2.02705E-9	-0.96002	-2.37582E-9						
-0.96503	-1.98215E-9	-0.96503	-2.36497E-9						
-0.97	-1.96887E-9	-0.97	-2.36975E-9						
-0.97501	-1.91137E-9	-0.97502	-2.35734E-9						
-0.98002	-1.92796E-9	-0.98003	-2.35826E-9						
-0.98503	-1.89921E-9	-0.98503	-2.42049E-9						
-0.99	-1.90766E-9	-0.99001	-2.39316E-9						
-0.99501	-1.93213E-9	-0.99501	-2.35448E-9						
-1.00002	-1.8909E-9	-1.00002	-2.3291E-9						
-1.00001	-1.88681E-9	-1.00002	-2.35072E-9						
-0.99501	-1.83606E-9	-0.99501	-2.3641E-9						
-0.99	-1.82381E-9	-0.99	-2.32978E-9						
-0.98503	-1.8253E-9	-0.98503	-2.30305E-9						
-0.98002	-1.81463E-9	-0.98002	-2.28231E-9						
-0.97501	-1.76146E-9	-0.97502	-2.26312E-9						
-0.97	-1.7557E-9	-0.97001	-2.22653E-9						
-0.96503	-1.76214E-9	-0.96504	-2.20417E-9						
-0.96003	-1.73876E-9	-0.96003	-2.19371E-9						
-0.95502	-1.70469E-9	-0.95501	-2.15298E-9						
-0.95001	-1.70437E-9	-0.95001	-2.14771E-9						
-0.945	-1.6638E-9	-0.945	-2.14406E-9						
-0.94003	-1.71582E-9	-0.94002	-2.123E-9						
-0.93502	-1.64548E-9	-0.93502	-2.13023E-9						
-0.93	-1.62531E-9	-0.93	-2.12337E-9						
-0.92499	-1.61822E-9	-0.92499	-2.10325E-9						
-0.92002	-1.5877E-9	-0.92002	-2.11604E-9						
-0.91501	-1.55655E-9	-0.91502	-2.10972E-9						
-0.91001	-1.54159E-9	-0.91001	-2.11129E-9						
-0.90501	-1.53896E-9	-0.905	-2.09759E-9						
-0.9	-1.5099E-9	-0.89999	-2.07999E-9						
-0.89503	-1.51334E-9	-0.89502	-2.05112E-9						
-0.89002	-1.48919E-9	-0.89001	-2.02736E-9						
-0.88501	-1.48711E-9	-0.88501	-2.02523E-9						
-0.88	-1.4949E-9	-0.88	-2.01234E-9						
-0.87502	-1.47618E-9	-0.87503	-1.9807E-9						
-0.87001	-1.45792E-9	-0.87002	-1.94732E-9						
-0.86501	-1.45253E-9	-0.86501	-1.94392E-9						
-0.86	-1.43986E-9	-0.86001	-1.92596E-9						
-0.85499	-1.42568E-9	-0.855	-1.93785E-9						
-0.85003	-1.42066E-9	-0.85003	-1.91251E-9						
-0.84502	-1.41234E-9	-0.84503	-1.91442E-9						
-0.84001	-1.40886E-9	-0.84002	-1.89288E-9						
-0.83501	-1.41623E-9	-0.83501	-1.87994E-9						
-0.83004	-1.40316E-9	-0.83004	-1.8513E-9						
-0.82503	-1.40917E-9	-0.82503	-1.83157E-9						
-0.82002	-1.39594E-9	-0.82001	-1.82939E-9						
-0.81501	-1.38742E-9	-0.81501	-1.82899E-9						
-0.81	-1.38756E-9	-0.80999	-1.81149E-9						
-0.80503	-1.37339E-9	-0.80502	-1.78932E-9						
-0.80002	-1.39014E-9	-0.80002	-1.80494E-9						
-0.79501	-1.38395E-9	-0.79501	-1.79513E-9						
-0.79001	-1.37717E-9	-0.79	-1.78715E-9						
-0.78502	-1.38597E-9	-0.78502	-1.76156E-9						
-0.78002	-1.37926E-9	-0.78002	-1.75492E-9						
-0.77501	-1.34809E-9	-0.77501	-1.75478E-9						
-0.77	-1.344E-9	-0.77	-1.7429E-9						
-0.76499	-1.35361E-9	-0.76499	-1.71613E-9						
-0.76002	-1.36195E-9	-0.76003	-1.7081E-9						
-0.75502	-1.35236E-9	-0.75502	-1.70219E-9						
-0.75001	-1.34076E-9	-0.75001	-1.69299E-9						
-0.745	-1.3482E-9	-0.745	-1.68327E-9						
-0.74002	-1.3484E-9	-0.74003	-1.69182E-9						
-0.73503	-1.34933E-9	-0.73502	-1.68211E-9						
-0.73002	-1.3456E-9	-0.73001	-1.67584E-9						
-0.72502	-1.32124E-9	-0.72501	-1.65342E-9						
-0.72001	-1.32222E-9	-0.72	-1.63801E-9						
-0.71503	-1.29957E-9	-0.71503	-1.63E-9						
-0.71001	-1.29492E-9	-0.71002	-1.6162E-9						
-0.70501	-1.28869E-9	-0.70502	-1.61753E-9						
-0.70001	-1.2859E-9	-0.70001	-1.60879E-9						
-0.69503	-1.27714E-9	-0.69503	-1.60929E-9						
-0.69002	-1.26693E-9	-0.69003	-1.58963E-9						
-0.68501	-1.2599E-9	-0.68502	-1.58479E-9						
-0.68	-1.24111E-9	-0.68002	-1.59091E-9						
-0.67499	-1.24906E-9	-0.675	-1.56343E-9						
-0.67002	-1.23007E-9	-0.67002	-1.54684E-9						
-0.66502	-1.23404E-9	-0.66502	-1.53958E-9						
-0.66002	-1.23326E-9	-0.66001	-1.55227E-9						
-0.65501	-1.23074E-9	-0.655	-1.55313E-9						
-0.65004	-1.22176E-9	-0.65003	-1.54676E-9						
-0.64503	-1.19362E-9	-0.64502	-1.53646E-9						
-0.64001	-1.18798E-9	-0.64001	-1.52061E-9						
-0.63501	-1.1971E-9	-0.63499	-1.51561E-9						
-0.63001	-1.2094E-9	-0.62999	-1.48872E-9						
-0.62504	-1.20293E-9	-0.62502	-1.49543E-9						
-0.62002	-1.20277E-9	-0.62001	-1.48715E-9						
-0.61501	-1.20512E-9	-0.615	-1.48362E-9						
-0.61	-1.22254E-9	-0.60999	-1.47016E-9						
-0.60503	-1.21382E-9	-0.60502	-1.45736E-9						
-0.60002	-1.20475E-9	-0.60001	-1.45171E-9						
-0.59502	-1.2103E-9	-0.595	-1.44323E-9						
-0.59001	-1.21734E-9	-0.58999	-1.43359E-9						
-0.585	-1.21433E-9	-0.58499	-1.42709E-9						
-0.58003	-1.22919E-9	-0.58001	-1.43222E-9						
-0.57502	-1.25128E-9	-0.57501	-1.41768E-9						
-0.57001	-1.26016E-9	-0.57001	-1.39745E-9						
-0.56501	-1.28775E-9	-0.565	-1.39427E-9						
-0.56004	-1.28694E-9	-0.56003	-1.37978E-9						
-0.55502	-1.30939E-9	-0.55502	-1.37043E-9						
-0.55001	-1.30705E-9	-0.55001	-1.3607E-9						
-0.54501	-1.31913E-9	-0.54501	-1.35899E-9						
-0.53999	-1.33222E-9	-0.54	-1.35822E-9						
-0.53503	-1.31819E-9	-0.53503	-1.35434E-9						
-0.53001	-1.31854E-9	-0.53002	-1.33642E-9						
-0.52501	-1.30988E-9	-0.52501	-1.32746E-9						
-0.52	-1.30075E-9	-0.52	-1.32036E-9						
-0.51503	-1.29181E-9	-0.51503	-1.30651E-9						
-0.51002	-1.28846E-9	-0.51002	-1.30775E-9						
-0.50502	-1.28497E-9	-0.50501	-1.2978E-9						
-0.50001	-1.27825E-9	-0.5	-1.28022E-9						
-0.495	-1.27463E-9	-0.495	-1.27928E-9						
-0.49002	-1.27794E-9	-0.49002	-1.2818E-9						
-0.48501	-1.27602E-9	-0.48501	-1.27259E-9						
-0.48001	-1.26506E-9	-0.48	-1.25781E-9						
-0.475	-1.26942E-9	-0.47499	-1.24799E-9						
-0.47002	-1.26151E-9	-0.47002	-1.23087E-9						
-0.46501	-1.25526E-9	-0.46502	-1.23042E-9						
-0.46	-1.24937E-9	-0.46002	-1.22014E-9						
-0.45499	-1.23906E-9	-0.455	-1.2063E-9						
-0.44998	-1.2309E-9	-0.45	-1.19815E-9						
-0.44501	-1.22685E-9	-0.44502	-1.17966E-9						
-0.44	-1.22344E-9	-0.44001	-1.17614E-9						
-0.43499	-1.20255E-9	-0.43501	-1.16378E-9						
-0.42999	-1.20057E-9	-0.42999	-1.16401E-9						
-0.42502	-1.19631E-9	-0.42503	-1.15842E-9						
-0.42001	-1.18088E-9	-0.42002	-1.14487E-9						
-0.415	-1.1744E-9	-0.41501	-1.13524E-9						
-0.40999	-1.16823E-9	-0.41	-1.12602E-9						
-0.40499	-1.15759E-9	-0.405	-1.11785E-9						
-0.40002	-1.15199E-9	-0.40003	-1.11368E-9						
-0.39501	-1.13682E-9	-0.39502	-1.09755E-9						
-0.39	-1.13554E-9	-0.39001	-1.09166E-9						
-0.38499	-1.11976E-9	-0.385	-1.0801E-9						
-0.38002	-1.11252E-9	-0.38002	-1.07051E-9						
-0.37501	-1.09931E-9	-0.37501	-1.0621E-9						
-0.37	-1.08978E-9	-0.37001	-1.05084E-9						
-0.365	-1.07644E-9	-0.36499	-1.05432E-9						
-0.35999	-1.07095E-9	-0.35999	-1.03936E-9						
-0.35502	-1.06544E-9	-0.35502	-1.03509E-9						
-0.35002	-1.05307E-9	-0.35002	-1.02521E-9						
-0.345	-1.04243E-9	-0.345	-1.01287E-9						
-0.33998	-1.03208E-9	-0.33999	-1.00368E-9						
-0.33501	-1.02682E-9	-0.33502	-9.93371E-10						
-0.33	-1.01573E-9	-0.33001	-9.80616E-10						
-0.325	-1.00244E-9	-0.32501	-9.72295E-10						
-0.31999	-9.87864E-10	-0.31999	-9.58359E-10						
-0.31498	-9.85134E-10	-0.31499	-9.44185E-10						
-0.31001	-9.76825E-10	-0.31001	-9.29475E-10						
-0.305	-9.6668E-10	-0.30501	-9.19735E-10						
-0.3	-9.53376E-10	-0.3	-9.16982E-10						
-0.29498	-9.46915E-10	-0.29499	-9.06932E-10						
-0.29002	-9.38737E-10	-0.29002	-9.03773E-10						
-0.28501	-9.22036E-10	-0.28501	-8.90303E-10						
-0.28	-9.15682E-10	-0.28001	-8.79359E-10						
-0.27499	-9.07266E-10	-0.275	-8.63194E-10						
-0.26999	-8.96537E-10	-0.26999	-8.51095E-10						
-0.26502	-8.82399E-10	-0.26502	-8.42857E-10						
-0.26001	-8.70466E-10	-0.26002	-8.23212E-10						
-0.255	-8.57163E-10	-0.25501	-8.1116E-10						
-0.25	-8.47936E-10	-0.25	-8.03757E-10						
-0.24503	-8.36611E-10	-0.24503	-7.85804E-10						
-0.24002	-8.27289E-10	-0.24002	-7.80153E-10						
-0.23501	-8.15094E-10	-0.235	-7.6859E-10						
-0.22999	-8.00383E-10	-0.22999	-7.58064E-10						
-0.22499	-7.89642E-10	-0.22498	-7.42388E-10						
-0.22001	-7.82311E-10	-0.22002	-7.28214E-10						
-0.21501	-7.69508E-10	-0.21501	-7.15566E-10						
-0.21	-7.5568E-10	-0.21	-6.9952E-10						
-0.20498	-7.42793E-10	-0.20499	-6.91366E-10						
-0.20001	-7.34556E-10	-0.20001	-6.75428E-10						
-0.19501	-7.15339E-10	-0.19501	-6.63018E-10						
-0.19001	-7.03561E-10	-0.19001	-6.51693E-10						
-0.18501	-6.92415E-10	-0.18501	-6.35779E-10						
-0.18001	-6.75345E-10	-0.18001	-6.24752E-10						
-0.17501	-6.67644E-10	-0.17501	-6.13463E-10						
-0.17001	-6.52361E-10	-0.17001	-5.96976E-10						
-0.16501	-6.36447E-10	-0.16501	-5.85544E-10						
-0.16	-6.22833E-10	-0.16001	-5.71907E-10						
-0.155	-6.10042E-10	-0.15501	-5.52499E-10						
-0.15	-5.92756E-10	-0.15001	-5.38075E-10						
-0.14501	-5.77462E-10	-0.14501	-5.26452E-10						
-0.14001	-5.60832E-10	-0.14001	-5.1229E-10						
-0.13501	-5.45883E-10	-0.13502	-4.96888E-10						
-0.13001	-5.30589E-10	-0.13001	-4.82213E-10						
-0.12501	-5.14066E-10	-0.12501	-4.67324E-10						
-0.12001	-4.98128E-10	-0.12001	-4.5259E-10						
-0.11502	-4.80473E-10	-0.11501	-4.33707E-10						
-0.11001	-4.6531E-10	-0.11001	-4.19486E-10						
-0.10501	-4.47023E-10	-0.10501	-4.01366E-10						
-0.10002	-4.29988E-10	-0.10001	-3.84486E-10						
-0.09502	-4.13382E-10	-0.09501	-3.6757E-10						
-0.09001	-3.95226E-10	-0.09001	-3.49665E-10						
-0.08501	-3.76439E-10	-0.08501	-3.32499E-10						
-0.08002	-3.58033E-10	-0.08002	-3.15094E-10						
-0.07501	-3.39425E-10	-0.07501	-2.98691E-10						
-0.07002	-3.21007E-10	-0.07001	-2.7976E-10						
-0.06502	-2.99382E-10	-0.06501	-2.6387E-10						
-0.06002	-2.8013E-10	-0.06001	-2.45523E-10						
-0.05502	-2.60234E-10	-0.05501	-2.28107E-10						
-0.05001	-2.38442E-10	-0.05001	-2.07889E-10						
-0.04501	-2.18451E-10	-0.04501	-1.88744E-10						
-0.04001	-1.97029E-10	-0.04001	-1.70863E-10						
-0.03501	-1.75416E-10	-0.03501	-1.51086E-10						
-0.03002	-1.5409E-10	-0.03001	-1.31023E-10						
-0.02501	-1.31226E-10	-0.02501	-1.11902E-10						
-0.02001	-1.09518E-10	-0.02001	-9.18269E-11						
-0.01501	-8.61645E-11	-0.01501	-7.17521E-11						
-0.01001	-6.29663E-11	-0.01001	-5.1558E-11						
-0.00501	-3.91722E-11	-0.005	-3.07322E-11						
1.23024E-5	-1.49608E-11	7.96318E-6	-9.64403E-12						
									
									
									
									
									
									
									
									
									
									
									
									
									
									
									
									
									
									
									
									
									
									
									
									
									
									
									
									
									
									
									
									
									
									
									
									
									
									
									
									
									
									
									
									
									
									
									
									
									
									
									
									
									
									
									
									
									
									
									
									
									
									
									
									
									
									
									
									
									
									
									
									
									
									
									
									
									
									
									
									
									
									
									
									
									
									
									
									
									
									
									
									
									
									
									
									
									
									
									
									
									
									
									
									
									
									
									
									
									
									
									
									
									
									
									
									
									
									
									
									
									
									
									
									
									
									
									
									
									
									
									
									
									
									
									
									
									
									
									
									
									
									
									
									
									
									
									
									
									
									
									
									
									
									
									
									
									
									
									
									
									
									
									
									
									
									
									
									
									
									
									
									
									
									
									
									
									
									
									
									
									
									
									
									
									
									
									
									
									
									
									
									
									
									
									
									
									
									
									
									
									
									
									
									
									
									
									
									
									
									
									
									
									
									
									
									
									
									
									
									
									
									
									
									
									
									
									
									
									
									
									
									
									
									
									
									
									
									
									
									
									
									
									
									
									
									
									
									
									
									
									
									
									
									
									
									
									
									
									
									
									
									
									
									
									
									
									
									
									
									
									
									
									
									
									
									
									
									
									
									
									
									
									
									
									
									
									
									
									
									
									
									
									
									
									
									
									
									
									
									
									
									
									
									
									
									
									
									
									
									
									
									
									
									
									
									
									
									
									
									
									
									
									
									
									
									
									
									
									
									
									
									
									
									
									
									
									
									
									
									
									
									
									
									
									
									
									
									
									
									
									
									
									
									
									
									
									
									
									
									
									
									
									
									
									
									
									
									
									
									
									
									
									
									
									
									
									
									
									
									
									
									
									
									
									
									
									
									
									
									
									
									
									
									
									
									
									
									
									
									
									
									
									
									
									
									
									
									
									
									
									
									
									
									
									
									
									
									
									
									
									
									
									
									
									
									
									
									
									
									
									
									
									
									
									
									
									
									
									
									
									
									
									
									
									
									
									
									
									
									
									
									
									
									
									
									
									
									
									
									
									
									
									
									
									
									
									
									
									
									
									
									
									
									
									
									
									
									
									
									
									
									
									
									
									
									
									
									
									
									
									
									
									
									
									
									
									
									
									
									
									
									
									
									
									
									
									
									
									
									
									
									
									
									
									
									
									
									
									
									
									
									
									
									
									
									
									
									
									
									
									
									
									
									
									
									
									
									
									
									
									
									
									
									
									
									
									
									
									
									
									
									
									
									
									
									
									
									
									
									
									
									
									
									
									
									
									
									
									
									
									
									
									
									
									
									
									
									
									
									
									
									
									
									
									
									
									
									
									
									
									
									
									
									
									
									
									
									
									
									
									
									
									
									
									
									
									
									
									
									
									
									
									
									
									
									
									
									
									
									
									
									
									
									
									
									
									
									
									
									
									
									
									
									
									
									
									
									
									
									
									
									
									
									
									
									
									
									
									
									
									
									
									
									
									
									
									
									
									
									
									
									
									
									
									
									
									
									
									
									
									
									
									
									
									
									
									
									
									
									
									
									
									
									
									
									
									
									
									
									
									
									
									
									
									
									
									
									
									
									
									
									
									
									
									
									
									
									
									
									
									
									
									
									
									
									
									
									
									
									
									
									
									
									
									
									
									
									
									
									
									
									
									
									
									
									
									
									
									
									
									
									
									
									
									
									
									
									
									
									
									
									
									
									
									
									
									
									
									
									
									
									
									
									
									
									
									
									
									
									
									
									
									
									
									
									
									
									
									
									
									
									
									
									
									
									
									
									
									
									
									
									
									
									
									
									
									
									
									
									
									
									
									
									
									
									
									
									
									
									
									
									
									
									
									
									
									
									
									
									
									
									
									
									
									
									
									
									
									
									
									
									
									
									
									
									
									
									
									
									
									
									
									
									
									
									
									
									
									
									
									
									
									
									
									
									
									
									
									
									
									
									
									
									
									
									
									
									
									
									
									
									
									
									
									
									
									
									
									
									
									
									
									
									
									
									
									
									
									
									
									
									
									
									
									
									
									
									
									
									
									
									
									
									
									
									
									
									
									
									
									
									
									
									
									
									
									
									
									
									
									
									
									
									
									
									
									
									
									
									
									
									
									
									
									
									
									
									
									
									
									
									
									
									
									
									
									
									
									
									
									
									
									
									
									
									
									
									
									
									
									
									
									
									
									
									
									
									
									
									
									
									
									
									
									
									
									
									
									
									
									
									
									
									
									
									
									
									
									
									
									
									
									
									
									
									
									
									
									
									
									
									
									
									
									
									
									
									
									
									
									
									
									
									
									
									
									
									
									
									
									
									
									
									
									
									
									
									
									
									
									
									
									
									
									
									
									
									
									
									
									
									
									
									
									
									
									
									
									
									
									
									
									
									
									
									
									
									
									
									
									
									
									
									
									
									
									
									
									
									
									
									
									
									
									
									
									
									
									
									
									
									
									
									
									
									
									
									
									
									
									
									
									
									
									
									
									
									
									
									
									
									
									
									
									
									
									
									
									
									
									
									
									
									
									
									
									
									
									
									
									
									
									
									
									
									
									
									
									
									
									
									
									
									
									
									
									
									
									
									
									
									
									
									
									
									
									
									
									
									
									
									
									
									
									
									
									
									
									
									
									
									
									
									
									
									
									
									
									
									
									
									
									
									
									
									
									
									
									
									
									
									
									
									
									
									
									
									
									
									
									
									
									
									
									
									
									
									
									
									