E	I	E	I	E	I	E	I	E	I	E	I
V	nA	V	nA	V	nA	V	nA	V	nA	V	nA
	Sine 1 mHz		Sine 5 mHz		Sine 10 mHz		Sine 50 mHz		Sine 100 mHz		Sine 200 mHz
0.0027	0.35033	0.00675	0.67401	0.00675	0.80111	0.0337	3.99557	0.02698	3.92527	0.02698	5.26143
											
0.0081	0.84597	0.02025	1.72458	0.02025	1.96104	0.10028	10.39431	0.08052	8.76224	0.08051	10.11838
											
0.01351	1.33406	0.03374	2.78666	0.03374	3.12474	0.16438	17.11139	0.13279	13.6362	0.13278	14.83989
											
0.01891	1.81643	0.04718	3.86232	0.04718	4.29669	0.22444	24.47075	0.18296	18.71744	0.18296	19.64589
											
0.0243	2.29492	0.06058	4.94703	0.06058	5.47835	0.27897	32.65012	0.23025	24.08993	0.23025	24.56623
											
0.0297	2.77255	0.07393	6.06927	0.07393	6.68531	0.32664	41.68151	0.27391	29.81698	0.27391	29.67145
											
0.03508	3.24753	0.08719	7.22365	0.08719	7.91078	0.36626	50.87811	0.31325	35.9234	0.31325	34.97094
											
0.04047	3.71865	0.10038	8.40228	0.10038	9.17177	0.39686	59.37214	0.34765	42.30774	0.34764	40.2558
											
0.04584	4.19402	0.11346	9.6349	0.11346	10.47635	0.41769	65.78902	0.37656	48.66789	0.37656	45.51125
											
0.05121	4.66826	0.12643	10.91223	0.12643	11.82533	0.42823	69.94933	0.39954	54.54302	0.39954	50.34468
											
0.05657	5.14867	0.13928	12.25713	0.13928	13.21958	0.42823	71.46555	0.41622	59.51158	0.41622	54.30545
											
0.06192	5.63565	0.15199	13.65101	0.15199	14.65271	0.41769	70.0627	0.42633	63.11352	0.42633	57.30374
											
0.06727	6.12376	0.16455	15.11487	0.16455	16.17819	0.39686	65.8057	0.42972	65.15377	0.42972	59.08161
											
0.0726	6.61928	0.17694	16.65813	0.17694	17.73951	0.36626	59.1048	0.42633	65.46822	0.42633	59.42184
											
0.07792	7.11992	0.18917	18.275	0.18917	19.38305	0.32664	50.49798	0.41622	64.03351	0.41622	57.90515
											
0.08323	7.62109	0.2012	19.96609	0.2012	21.0795	0.27898	40.63333	0.39954	60.89768	0.39954	54.97448
											
0.08852	8.13694	0.21304	21.75343	0.21304	22.8848	0.22444	30.26597	0.37657	56.25796	0.37657	50.69966
											
0.0938	8.65411	0.22467	23.60896	0.22466	24.73548	0.16439	20.12363	0.34765	50.30789	0.34765	45.35743
											
0.09907	9.1909	0.23607	25.57288	0.23607	26.6882	0.10028	10.8679	0.31325	43.44746	0.31325	39.05288
											
0.10432	9.72761	0.24724	27.5681	0.24724	28.72633	0.0337	2.83512	0.27391	35.99756	0.27392	32.21915
											
0.10955	10.28133	0.25817	29.6485	0.25817	30.83496	-0.0337	-4.07672	0.23026	28.28398	0.23026	25.16164
											
0.11477	10.82527	0.26884	31.8367	0.26884	33.02494	-0.10028	-10.23551	0.18297	20.66383	0.18297	18.07511
											
0.11997	11.39934	0.27925	34.00233	0.27925	35.25422	-0.16438	-16.52613	0.13279	13.50337	0.1328	11.34561
											
0.12514	11.99572	0.28938	36.30359	0.28938	37.56395	-0.22444	-23.51654	0.08052	6.98096	0.08053	5.16295
											
0.1303	12.59286	0.29923	38.62375	0.29923	39.90002	-0.27897	-31.6393	0.02699	1.17632	0.02699	-0.41446
											
0.13544	13.2089	0.30878	41.03214	0.30878	42.2394	-0.32664	-40.79211	-0.02698	-3.98795	-0.02698	-5.42188
											
0.14056	13.83328	0.31803	43.43165	0.31803	44.65775	-0.36626	-50.61978	-0.08052	-8.70254	-0.08051	-10.01574
											
0.14566	14.45795	0.32696	45.79765	0.32696	47.11192	-0.39686	-60.04904	-0.13279	-13.2381	-0.13278	-14.33623
											
0.15073	15.10265	0.33557	48.19114	0.33557	49.54497	-0.41769	-67.84486	-0.18296	-17.82053	-0.18296	-18.53171
											
0.15578	15.75555	0.34385	50.62896	0.34385	52.08125	-0.42823	-73.13357	-0.23025	-22.67255	-0.23025	-22.77791
											
0.1608	16.43747	0.35179	53.04423	0.35179	54.55517	-0.42823	-75.52358	-0.27391	-27.95171	-0.27391	-27.11658
											
0.1658	17.13016	0.35938	55.32634	0.35938	56.99176	-0.41769	-74.87069	-0.31325	-33.69188	-0.31325	-31.65767
											
0.17077	17.83591	0.36662	57.72543	0.36662	59.36773	-0.39686	-71.25846	-0.34765	-39.77413	-0.34764	-36.39731
											
0.17572	18.55206	0.3735	60.16392	0.3735	61.74442	-0.36626	-64.80545	-0.37656	-45.78018	-0.37656	-41.12239
											
0.18064	19.28746	0.38	62.48129	0.38	64.08473	-0.32664	-56.01077	-0.39954	-51.48941	-0.39954	-45.47361
											
0.18552	20.04756	0.38614	64.71478	0.38614	66.3011	-0.27898	-45.41662	-0.41622	-56.56307	-0.41622	-49.37825
											
0.19038	20.82758	0.39189	66.6684	0.39189	68.51792	-0.22444	-33.89304	-0.42633	-60.76884	-0.42633	-52.48943
											
0.19521	21.65131	0.39725	68.70693	0.39725	70.66534	-0.16439	-22.46889	-0.42972	-63.68444	-0.42972	-54.5312
											
0.20001	22.50519	0.40222	70.61712	0.40222	72.70594	-0.10028	-12.02157	-0.42633	-65.03409	-0.42633	-55.256
											
0.20478	23.34535	0.4068	72.46188	0.4068	74.68217	-0.0337	-3.07806	-0.41622	-64.62187	-0.41622	-54.61526
											
0.20952	24.17662	0.41097	74.18466	0.41097	76.29513	0.0337	4.49925	-0.39954	-62.3197	-0.39954	-52.58091
											
0.21422	24.98905	0.41474	75.68711	0.41474	77.87845			-0.37657	-58.25533	-0.37657	-49.19973
											
0.21889	25.8289	0.4181	77.14913	0.4181	79.43643			-0.34765	-52.69699	-0.34765	-44.57657
											
0.22352	26.69127	0.42105	78.60128	0.42105	80.79734			-0.31325	-45.93901	-0.31325	-38.92467
											
0.22812	27.56769	0.42358	79.72969	0.42358	81.9983			-0.27391	-38.39361	-0.27392	-32.53637
											
0.23268	28.44075	0.42569	80.70324	0.42569	83.09867			-0.23026	-30.37094	-0.23026	-25.70146
											
0.23721	29.31292	0.42739	81.53934	0.42739	84.0795			-0.18297	-22.27522	-0.18297	-18.6802
											
0.24169	30.2339	0.42866	82.31429	0.42866	84.86898			-0.13279	-14.53077	-0.1328	-11.82915
											
0.24614	31.15362	0.42951	82.85892	0.42951	85.47192			-0.08052	-7.47868	-0.08053	-5.41908
											
0.25056	32.10725	0.42993	83.39662	0.42993	86.02543			-0.02699	-1.23107	-0.02699	0.42069
										0.02698	5.75152
0.25493	33.04598	0.42993	83.70278	0.42993	86.32935			0.02698	4.36257		
											
0.25926	34.05443	0.42951	83.88852	0.42951	86.60144						
											
0.26355	34.96495	0.42866	84.04469	0.42866	86.66655						
											
0.2678	35.88431	0.42739	83.88844	0.42739	86.47128						
											
0.272	36.90344	0.42569	83.58801	0.42569	86.20304						
											
0.27617	37.90741	0.42358	83.11924	0.42358	85.71478						
											
0.28029	38.83341	0.42105	82.5553	0.42105	85.21292						
											
0.28436	39.83915	0.4181	81.81796	0.4181	84.45937						
											
0.28839	40.86901	0.41474	80.90626	0.41474	83.62142						
											
0.29238	41.93604	0.41097	79.93113	0.41097	82.64902						
											
0.29632	42.93895	0.4068	78.83811	0.4068	81.47238						
											
0.30021	43.9648	0.40222	77.59513	0.40222	80.23423						
											
0.30405	44.97911	0.39725	76.175	0.39725	78.87462						
											
0.30785	46.04592	0.39189	74.72375	0.39189	77.47978						
											
0.3116	47.14473	0.38614	73.10533	0.38614	75.79926						
											
0.3153	48.09605	0.38	71.38509	0.38	74.19065						
											
0.31895	49.19917	0.3735	69.55086	0.3735	72.32579						
											
0.32255	50.25441	0.36662	67.63477	0.36662	70.40619						
											
0.32609	51.27216	0.35938	65.69957	0.35938	68.42783						
											
0.32959	52.29474	0.35179	63.53948	0.35179	66.29476						
											
0.33303	53.29969	0.34385	61.36144	0.34385	64.1623						
											
0.33643	54.36428	0.33557	59.12285	0.33557	61.89232						
											
0.33976	55.36293	0.32696	56.78686	0.32696	59.57231						
											
0.34305	56.43373	0.31803	54.47266	0.31803	57.19987						
											
0.34628	57.61376	0.30878	52.06991	0.30878	54.72288						
											
0.34946	58.60977	0.29923	49.66057	0.29923	52.2117						
											
0.35258	59.70542	0.28938	47.13264	0.28938	49.68081						
											
0.35564	60.74303	0.27925	44.59905	0.27925	47.11189						
											
0.35865	61.79209	0.26884	42.1581	0.26884	44.53403						
											
0.3616	62.76219	0.25817	39.6514	0.25817	41.92532						
											
0.3645	63.7551	0.24724	37.18178	0.24724	39.35756						
											
0.36734	64.7733	0.23607	34.69742	0.23607	36.7361						
											
0.37012	65.76842	0.22467	32.22578	0.22467	34.19186						
											
0.37284	66.78085	0.21304	29.8412	0.21304	31.64707						
											
0.3755	67.86769	0.2012	27.4319	0.2012	29.13415						
											
0.3781	68.90415	0.18917	25.0664	0.18917	26.69598						
											
0.38065	69.83215	0.17694	22.78704	0.17694	24.33061						
											
0.38313	70.75598	0.16455	20.56303	0.16455	22.03982						
											
0.38555	71.63115	0.15199	18.43986	0.15199	19.81002						
											
0.38792	72.59385	0.13928	16.37863	0.13928	17.63899						
											
0.39022	73.4479	0.12643	14.39967	0.12643	15.54937						
											
0.39245	74.37946	0.11346	12.50633	0.11346	13.55377						
											
0.39463	75.24233	0.10038	10.71515	0.10038	11.63026						
											
0.39675	76.10013	0.0872	9.02122	0.0872	9.8007						
											
0.3988	76.88221	0.07393	7.41598	0.07393	8.06461						
											
0.40079	77.68055	0.06059	5.90304	0.06059	6.39962						
											
0.40271	78.55589	0.04718	4.46954	0.04718	4.83002						
											
0.40458	79.33857	0.03374	3.11288	0.03374	3.34111						
											
0.40637	80.09367	0.02026	1.82407	0.02026	1.917						
											
0.40811	80.87754	0.00675	0.59363	0.00675	0.5553						
											
0.40978	81.63749	-0.00675	-0.58699	-0.00675	-0.75374						
											
0.41138	82.45585	-0.02025	-1.72854	-0.02025	-2.02295						
											
0.41292	83.05784	-0.03374	-2.84397	-0.03374	-3.26113						
											
0.4144	83.70559	-0.04718	-3.94689	-0.04718	-4.47346						
											
0.41581	84.31519	-0.06058	-5.04914	-0.06058	-5.67587						
											
0.41715	84.92868	-0.07393	-6.15796	-0.07393	-6.87359						
											
0.41843	85.53838	-0.08719	-7.29535	-0.08719	-8.09086						
											
0.41964	86.23845	-0.10038	-8.46844	-0.10038	-9.32877						
											
0.42079	86.79593	-0.11346	-9.69273	-0.11346	-10.5828						
											
0.42187	87.22667	-0.12643	-10.97572	-0.12643	-11.88182						
											
0.42288	87.8202	-0.13928	-12.34259	-0.13928	-13.22928						
											
0.42382	88.3463	-0.15199	-13.79775	-0.15199	-14.64859						
											
0.4247	88.88549	-0.16455	-15.35969	-0.16455	-16.14661						
											
0.42551	89.33523	-0.17694	-17.04738	-0.17694	-17.71486						
											
0.42626	89.799	-0.18917	-18.85003	-0.18917	-19.39211						
											
0.42694	90.28005	-0.2012	-20.80338	-0.2012	-21.17137						
											
0.42755	90.66455	-0.21304	-22.87988	-0.21304	-23.07004						
											
0.42809	90.98651	-0.22467	-25.08938	-0.22466	-25.08971						
											
0.42856	91.30153	-0.23607	-27.4075	-0.23607	-27.18079						
											
0.42897	91.64086	-0.24724	-29.84625	-0.24724	-29.39402						
											
0.42931	92.02482	-0.25817	-32.39638	-0.25817	-31.71509						
											
0.42958	92.30387	-0.26884	-35.05567	-0.26884	-34.1094						
											
0.42979	92.49897	-0.27925	-37.77184	-0.27925	-36.57294						
											
0.42992	92.64797	-0.28938	-40.58945	-0.28938	-39.0692						
											
0.42999	92.83642	-0.29923	-43.47681	-0.29923	-41.64683						
											
0.42999	92.98056	-0.30878	-46.43751	-0.30878	-44.28583						
											
0.42992	93.07634	-0.31803	-49.49168	-0.31803	-46.94422						
											
0.42979	93.19113	-0.32696	-52.56312	-0.32696	-49.62241						
											
0.42958	93.20077	-0.33557	-55.7332	-0.33557	-52.35052						
											
0.42931	93.28116	-0.34385	-58.91999	-0.34385	-55.08961						
											
0.42897	93.3229	-0.35179	-62.10369	-0.35179	-57.82871						
											
0.42856	93.37145	-0.35938	-65.23032	-0.35938	-60.54746						
											
0.42809	93.3399	-0.36662	-68.24135	-0.36662	-63.31055						
											
0.42755	93.24802	-0.3735	-71.19566	-0.3735	-66.04729						
											
0.42694	93.15462	-0.38	-74.16911	-0.38	-68.76583						
											
0.42626	93.16674	-0.38614	-77.53331	-0.38614	-71.38315						
											
0.42551	92.97541	-0.39189	-83.5093	-0.39189	-74.01208						
											
0.4247	92.78336	-0.39725	-86.50097	-0.39725	-76.57899						
											
0.42382	92.52848	-0.40222	-89.15662	-0.40222	-79.00864						
											
0.42288	92.28184	-0.4068	-91.60609	-0.4068	-81.29958						
											
0.42187	92.10696	-0.41097	-93.8955	-0.41097	-83.50067						
											
0.42079	91.73542	-0.41474	-95.91331	-0.41474	-85.5267						
											
0.41964	91.44913	-0.4181	-97.74535	-0.4181	-87.54654						
											
0.41843	91.13113	-0.42105	-99.44143	-0.42105	-89.43381						
											
0.41715	90.78378	-0.42358	-100.9578	-0.42358	-91.7038						
											
0.41581	90.40603	-0.42569	-102.2847	-0.42569	-96.88851						
											
0.4144	90.04735	-0.42739	-103.4183	-0.42739	-99.20064						
											
0.41292	89.514	-0.42866	-104.3806	-0.42866	-100.5706						
											
0.41138	89.13877	-0.42951	-105.1785	-0.42951	-101.6415						
											
0.40978	88.78436	-0.42993	-105.7393	-0.42993	-102.5169						
											
0.40811	88.34268	-0.42993	-106.0836	-0.42993	-103.1986						
											
0.40637	87.87265	-0.42951	-106.2294	-0.42951	-103.7244						
											
0.40458	87.2718	-0.42866	-106.2367	-0.42866	-104.0457						
											
0.40271	86.73501	-0.42739	-106.1581	-0.42739	-104.2028						
											
0.40079	86.24951	-0.42569	-105.9207	-0.42569	-104.095						
											
0.3988	85.75253	-0.42358	-105.4803	-0.42358	-103.8549						
											
0.39675	85.22709	-0.42105	-104.8155	-0.42105	-103.4179						
											
0.39463	84.65712	-0.4181	-104.0016	-0.4181	-102.8015						
											
0.39245	84.10966	-0.41474	-102.9761	-0.41474	-102.0166						
											
0.39022	83.52158	-0.41097	-101.7654	-0.41097	-101.0648						
											
0.38792	82.72046	-0.4068	-100.4101	-0.4068	-99.91911						
											
0.38555	82.04744	-0.40222	-98.92379	-0.40222	-98.65053						
											
0.38313	81.27072	-0.39725	-97.32507	-0.39725	-97.20067						
											
0.38065	80.48812	-0.39189	-95.54124	-0.39189	-95.60096						
											
0.3781	79.73433	-0.38614	-93.60287	-0.38614	-93.79674						
											
0.3755	78.88603	-0.38	-91.52353	-0.38	-91.87629						
											
0.37284	78.12475	-0.3735	-89.33284	-0.3735	-89.84061						
											
0.37012	77.25046	-0.36662	-87.01876	-0.36662	-87.63561						
											
0.36734	76.39186	-0.35938	-84.62356	-0.35938	-85.37338						
											
0.3645	75.51121	-0.35179	-82.09077	-0.35179	-82.95439						
											
0.3616	74.62421	-0.34385	-79.44911	-0.34385	-80.44489						
											
0.35865	73.68824	-0.33557	-76.73146	-0.33557	-77.80244						
											
0.35564	72.67941	-0.32696	-73.94305	-0.32696	-75.07755						
											
0.35258	71.72592	-0.31803	-71.08271	-0.31803	-72.25802						
											
0.34946	70.80632	-0.30878	-68.13268	-0.30878	-69.34487						
											
0.34628	69.859	-0.29923	-65.10123	-0.29923	-66.37747						
											
0.34305	68.84434	-0.28938	-62.01641	-0.28938	-63.33431						
											
0.33976	67.92464	-0.27925	-58.89106	-0.27925	-60.24092						
											
0.33643	66.92012	-0.26884	-55.68683	-0.26884	-57.08412						
											
0.33303	65.84905	-0.25817	-52.45527	-0.25817	-53.86025						
											
0.32959	64.86025	-0.24724	-49.19834	-0.24724	-50.6161						
											
0.32609	63.76246	-0.23607	-45.95244	-0.23607	-47.37778						
											
0.32255	62.70731	-0.22467	-42.71366	-0.22467	-44.0899						
											
0.31895	61.61582	-0.21304	-39.49739	-0.21304	-40.83407						
											
0.3153	60.56878	-0.2012	-36.2938	-0.2012	-37.5778						
											
0.3116	59.54467	-0.18917	-33.08793	-0.18917	-34.30324						
											
0.30785	58.4441	-0.17694	-29.85098	-0.17694	-30.91182						
											
0.30405	57.32832	-0.16455	-26.58602	-0.16455	-27.54393						
											
0.30021	56.24296	-0.15199	-23.51068	-0.15199	-24.51981						
											
0.29632	55.10112	-0.13928	-20.6968	-0.13928	-21.71614						
											
0.29238	53.99624	-0.12643	-18.09484	-0.12643	-19.05486						
											
0.28839	52.87186	-0.11346	-15.64764	-0.11346	-16.53127						
											
0.28436	51.70415	-0.10038	-13.31553	-0.10038	-14.1353						
											
0.28029	50.61272	-0.0872	-11.11998	-0.0872	-11.86225						
											
0.27617	49.48228	-0.07393	-9.06893	-0.07393	-9.7172						
											
0.272	48.33076	-0.06059	-7.14235	-0.06059	-7.67921						
											
0.2678	47.19967	-0.04718	-5.33455	-0.04718	-5.74785						
											
0.26355	46.06708	-0.03374	-3.64035	-0.03374	-3.91473						
											
0.25926	44.95362	-0.02026	-2.04728	-0.02026	-2.17861						
											
0.25493	43.82683	-0.00675	-0.54165	-0.00675	-0.52862						
											
0.25056	42.68654	0.00675	0.8906	0.00675	1.05128						
											
0.24614	41.53384										
											
0.24169	40.42937										
											
0.23721	39.31393										
											
0.23268	38.17379										
											
0.22812	37.05444										
											
0.22352	35.94597										
											
0.21889	34.83307										
											
0.21422	33.72736										
											
0.20952	32.61691										
											
0.20478	31.5178										
											
0.20001	30.42554										
											
0.19521	29.3166										
											
0.19038	28.25265										
											
0.18552	27.20772										
											
0.18064	26.16279										
											
0.17572	25.1396										
											
0.17077	24.12113										
											
0.1658	23.13117										
											
0.1608	22.15343										
											
0.15578	21.19024										
											
0.15073	20.25669										
											
0.14566	19.31317										
											
0.14056	18.37502										
											
0.13544	17.45664										
											
0.1303	16.57229										
											
0.12514	15.70515										
											
0.11997	14.83532										
											
0.11477	13.9914										
											
0.10955	13.16119										
											
0.10432	12.35292										
											
0.09907	11.57171										
											
0.0938	10.8027										
											
0.08852	10.05519										
											
0.08323	9.31707										
											
0.07792	8.60186										
											
0.0726	7.90571										
											
0.06727	7.23755										
											
0.06192	6.57777										
											
0.05657	5.93579										
											
0.05121	5.30613										
											
0.04584	4.69779										
											
0.04047	4.10446										
											
0.03508	3.52361										
											
0.0297	2.95972										
											
0.0243	2.40804										
											
0.01891	1.86941										
											
0.01351	1.34111										
											
0.0081	0.822										
											
0.0027	0.3107										
											
-0.0027	-0.19296										
											
-0.0081	-0.69033										
											
-0.01351	-1.18391										
											
-0.01891	-1.67394										
											
-0.0243	-2.16377										
											
-0.0297	-2.65411										
											
-0.03508	-3.15179										
											
-0.04047	-3.64646										
											
-0.04584	-4.14331										
											
-0.05121	-4.65016										
											
-0.05657	-5.17267										
											
-0.06192	-5.70145										
											
-0.06727	-6.23841										
											
-0.0726	-6.79809										
											
-0.07792	-7.36008										
											
-0.08323	-7.94537										
											
-0.08852	-8.54176										
											
-0.0938	-9.1679										
											
-0.09907	-9.82187										
											
-0.10432	-10.47433										
											
-0.10955	-11.17218										
											
-0.11477	-11.9176										
											
-0.11997	-12.65758										
											
-0.12514	-13.42049										
											
-0.1303	-14.2423										
											
-0.13544	-15.08486										
											
-0.14056	-15.95256										
											
-0.14566	-16.97225										
											
-0.15073	-17.93237										
											
-0.15578	-18.88969										
											
-0.1608	-19.87733										
											
-0.1658	-20.90449										
											
-0.17077	-21.98759										
											
-0.17572	-23.08657										
											
-0.18064	-24.23772										
											
-0.18552	-25.39013										
											
-0.19038	-26.55509										
											
-0.19521	-27.72407										
											
-0.20001	-28.9149										
											
-0.20478	-30.11392										
											
-0.20952	-31.3489										
											
-0.21422	-32.59368										
											
-0.21889	-33.84953										
											
-0.22352	-35.09508										
											
-0.22812	-36.3868										
											
-0.23268	-37.68417										
											
-0.23721	-38.98899										
											
-0.24169	-40.30846										
											
-0.24614	-41.62575										
											
-0.25056	-43.00929										
											
-0.25493	-44.33542										
											
-0.25926	-45.70755										
											
-0.26355	-47.08172										
											
-0.2678	-48.47269										
											
-0.272	-49.87556										
											
-0.27617	-51.3015										
											
-0.28029	-52.78036										
											
-0.28436	-54.40398										
											
-0.28839	-56.16518										
											
-0.29238	-58.00247										
											
-0.29632	-59.74297										
											
-0.30021	-61.31403										
											
-0.30405	-62.77219										
											
-0.30785	-64.2175										
											
-0.3116	-65.61306										
											
-0.3153	-66.97312										
											
-0.31895	-68.31										
											
-0.32255	-69.69786										
											
-0.32609	-71.05274										
											
-0.32959	-72.37447										
											
-0.33303	-73.70771										
											
-0.33643	-75.00259										
											
-0.33976	-76.34259										
											
-0.34305	-77.66091										
											
-0.34628	-78.8989										
											
-0.34946	-80.14252										
											
-0.35258	-81.44046										
											
-0.35564	-82.63262										
											
-0.35865	-83.80509										
											
-0.3616	-84.97407										
											
-0.3645	-86.13201										
											
-0.36734	-87.23513										
											
-0.37012	-88.32431										
											
-0.37284	-89.40277										
											
-0.3755	-90.41741										
											
-0.3781	-91.47647										
											
-0.38065	-92.49104										
											
-0.38313	-93.44925										
											
-0.38555	-94.41561										
											
-0.38792	-95.37677										
											
-0.39022	-96.26282										
											
-0.39245	-97.19553										
											
-0.39463	-98.0841										
											
-0.39675	-98.95291										
											
-0.3988	-99.78073										
											
-0.40079	-100.5433										
											
-0.40271	-101.3518										
											
-0.40458	-102.0824										
											
-0.40637	-102.8077										
											
-0.40811	-103.5306										
											
-0.40978	-104.2272										
											
-0.41138	-104.8479										
											
-0.41292	-105.4506										
											
-0.4144	-105.9675										
											
-0.41581	-106.2308										
											
-0.41715	-106.3382										
											
-0.41843	-106.354										
											
-0.41964	-106.3545										
											
-0.42079	-106.3545										
											
-0.42187	-106.3545										
											
-0.42288	-106.3545										
											
-0.42382	-106.3545										
											
-0.4247	-106.3545										
											
-0.42551	-106.3545										
											
-0.42626	-106.3545										
											
-0.42694	-106.3545										
											
-0.42755	-106.3545										
											
-0.42809	-106.3545										
											
-0.42856	-106.3545										
											
-0.42897	-106.3545										
											
-0.42931	-106.3545										
											
-0.42958	-106.3545										
											
-0.42979	-106.3545										
											
-0.42992	-106.3545										
											
-0.42999	-106.3545										
											
-0.42999	-106.3545										
											
-0.42992	-106.3545										
											
-0.42979	-106.3545										
											
-0.42958	-106.3545										
											
-0.42931	-106.3545										
											
-0.42897	-106.3545										
											
-0.42856	-106.3545										
											
-0.42809	-106.3545										
											
-0.42755	-106.3545										
											
-0.42694	-106.3545										
											
-0.42626	-106.3545										
											
-0.42551	-106.3545										
											
-0.4247	-106.3545										
											
-0.42382	-106.3545										
											
-0.42288	-106.3545										
											
-0.42187	-106.3545										
											
-0.42079	-106.3543										
											
-0.41964	-106.3508										
											
-0.41843	-106.3079										
											
-0.41715	-106.1209										
											
-0.41581	-105.7108										
											
-0.4144	-105.162										
											
-0.41292	-104.6314										
											
-0.41138	-103.9998										
											
-0.40978	-103.3693										
											
-0.40811	-102.7318										
											
-0.40637	-102.0689										
											
-0.40458	-101.4262										
											
-0.40271	-100.724										
											
-0.40079	-100.0056										
											
-0.3988	-99.25533										
											
-0.39675	-98.47813										
											
-0.39463	-97.66675										
											
-0.39245	-96.86486										
											
-0.39022	-96.04455										
											
-0.38792	-95.20762										
											
-0.38555	-94.31519										
											
-0.38313	-93.46596										
											
-0.38065	-92.58176										
											
-0.3781	-91.62547										
											
-0.3755	-90.69669										
											
-0.37284	-89.78607										
											
-0.37012	-88.81										
											
-0.36734	-87.84773										
											
-0.3645	-86.86629										
											
-0.3616	-85.84324										
											
-0.35865	-84.81948										
											
-0.35564	-83.77198										
											
-0.35258	-82.73408										
											
-0.34946	-81.68751										
											
-0.34628	-80.57333										
											
-0.34305	-79.46145										
											
-0.33976	-78.33206										
											
-0.33643	-77.17787										
											
-0.33303	-76.05464										
											
-0.32959	-74.91166										
											
-0.32609	-73.75559										
											
-0.32255	-72.55548										
											
-0.31895	-71.37601										
											
-0.3153	-70.16669										
											
-0.3116	-68.94532										
											
-0.30785	-67.68979										
											
-0.30405	-66.48265										
											
-0.30021	-65.24998										
											
-0.29632	-64.00201										
											
-0.29238	-62.76908										
											
-0.28839	-61.48433										
											
-0.28436	-60.23968										
											
-0.28029	-58.96531										
											
-0.27617	-57.68751										
											
-0.272	-56.38356										
											
-0.2678	-55.09897										
											
-0.26355	-53.77949										
											
-0.25926	-52.47886										
											
-0.25493	-51.17301										
											
-0.25056	-49.87359										
											
-0.24614	-48.56382										
											
-0.24169	-47.2616										
											
-0.23721	-45.93751										
											
-0.23268	-44.64633										
											
-0.22812	-43.36236										
											
-0.22352	-42.05399										
											
-0.21889	-40.73885										
											
-0.21422	-39.443										
											
-0.20952	-38.18935										
											
-0.20478	-36.90927										
											
-0.20001	-35.62958										
											
-0.19521	-34.34907										
											
-0.19038	-33.10226										
											
-0.18552	-31.86427										
											
-0.18064	-30.63124										
											
-0.17572	-29.3889										
											
-0.17077	-28.15737										
											
-0.1658	-26.9356										
											
-0.1608	-25.7256										
											
-0.15578	-24.5023										
											
-0.15073	-23.23643										
											
-0.14566	-21.95518										
											
-0.14056	-20.6925										
											
-0.13544	-19.49136										
											
-0.1303	-18.36324										
											
-0.12514	-17.30444										
											
-0.11997	-16.27263										
											
-0.11477	-15.27202										
											
-0.10955	-14.30305										
											
-0.10432	-13.37226										
											
-0.09907	-12.46329										
											
-0.0938	-11.57646										
											
-0.08852	-10.7373										
											
-0.08323	-9.90343										
											
-0.07792	-9.08334										
											
-0.0726	-8.30422										
											
-0.06727	-7.55673										
											
-0.06192	-6.83284										
											
-0.05657	-6.13934										
											
-0.05121	-5.46423										
											
-0.04584	-4.80417										
											
-0.04047	-4.16588										
											
-0.03508	-3.54537										
											
-0.0297	-2.94227										
											
-0.0243	-2.35885										
											
-0.01891	-1.79003										
											
-0.01351	-1.23508										
											
-0.0081	-0.69376										
											
-0.0027	-0.16436										
											
0.0027	0.35569										
											
											
											
											
											
											
											
											
											
											
											
											
											
											
											
											
											
											
											
											
											
											
											
											
											
											
											
											
											
											
											
											
											
											
											
											
											
											
											
											
											
											
											
											
											
											
											
											
											
											
											
											
											
											
											
											
											
											
											
											
											
											
											
											
											
											
											
											
											
											
											
											
											
											
											
											
											
											
											
											
											
											
											
											
											
											
											
											
											
											
											
											
											
											
											
											
											
											
											
											
											
											
											
											
											
											
											
											
											
											
											
											
											
											
											