E	I	E	I	E	I	E	I	E	I
V	A	V	A	V	A	V	A	V	A
	1 mHz		9 mHz		81 mHz		95 mHz		112 mHz

0	-5.48363E-12	0	4.29153E-12	0	3.3021E-12	0	4.11272E-12	0	9.04799E-12
0.002	2.16961E-11	0.01	6.47306E-11	0.05	2.12622E-10	0.05714	2.36344E-10	0.05714	2.95305E-10
0.004	3.48091E-11	0.02	1.21152E-10	0.1	4.25816E-10	0.11429	4.80711E-10	0.11429	5.67508E-10
0.006	5.8651E-11	0.03	1.74499E-10	0.15	7.06458E-10	0.17143	8.55899E-10	0.17143	9.6736E-10
0.008	8.11815E-11	0.04	2.27702E-10	0.2	1.20398E-9	0.22857	1.56432E-9	0.22857	1.65813E-9
0.01	1.01686E-10	0.05	2.79188E-10	0.25	1.98065E-9	0.28571	2.64294E-9	0.28571	2.67125E-9
0.012	1.25527E-10	0.06	3.32487E-10	0.3	3.21915E-9	0.34286	4.6025E-9	0.34286	4.35784E-9
0.014	1.41621E-10	0.07	3.88801E-10	0.35	5.25147E-9	0.4	8.6044E-9	0.4	7.50827E-9
0.016	1.57475E-10	0.08	4.43625E-10	0.4	9.92204E-9	0.4	2.05992E-8	0.4	1.22864E-8
0.018	1.76549E-10	0.09	5.02634E-10	0.4	2.27772E-8	0.33846	1.792E-8	0.33846	1.1734E-8
0.02	1.96815E-10	0.1	5.72479E-10	0.35	2.14376E-8	0.27692	6.36117E-9	0.27692	5.03132E-9
0.022	2.16961E-10	0.11	6.4466E-10	0.3	1.68547E-8	0.21539	3.16538E-9	0.21539	2.88587E-9
0.024	2.29001E-10	0.12	7.31111E-10	0.25	5.49083E-9	0.15385	1.58718E-9	0.15385	1.48139E-9
0.026	2.48075E-10	0.13	8.29339E-10	0.2	2.93797E-9	0.09231	6.11532E-10	0.09231	5.89979E-10
0.028	2.6989E-10	0.14	9.46772E-10	0.15	1.54281E-9	0.03077	1.26433E-10	0.03077	1.12474E-10
0.03	2.84433E-10	0.15	1.07244E-9	0.1	7.00688E-10	-0.03077	-1.64461E-10	-0.03077	-1.89281E-10
0.032	3.06606E-10	0.16	1.21934E-9	0.05	2.5003E-10	-0.09231	-4.39596E-10	-0.09231	-4.80258E-10
0.034	3.25441E-10	0.17	1.41134E-9	0	-2.62618E-11	-0.15385	-9.43553E-10	-0.15385	-1.02081E-9
0.036	3.47614E-10	0.18	1.6294E-9	-0.05	-2.41447E-10	-0.21539	-2.21441E-9	-0.21539	-2.2987E-9
0.038	3.64304E-10	0.19	1.86156E-9	-0.1	-4.86135E-10	-0.27692	-4.29072E-9	-0.27692	-4.44864E-9
0.04	3.7384E-10	0.2	2.13009E-9	-0.15	-9.16243E-10	-0.33846	-7.65296E-9	-0.33846	-7.84045E-9
0.042	3.86953E-10	0.21	2.44427E-9	-0.2	-1.88423E-9	-0.4	-1.28397E-8	-0.4	-1.41909E-8
0.044	4.06146E-10	0.22	2.82022E-9	-0.25	-3.37211E-9	-0.4	-1.57938E-8	-0.4	-2.09186E-8
0.046	4.28438E-10	0.23	3.25203E-9	-0.3	-5.51811E-9	-0.34286	-1.49259E-8	-0.34286	-1.79846E-8
0.048	4.40121E-10	0.24	3.88367E-9	-0.35	-9.07818E-9	-0.28571	-1.18716E-8	-0.28571	-1.3206E-8
0.05	4.69565E-10	0.25	6.13635E-9	-0.4	-1.35738E-8	-0.22857	-8.19041E-9	-0.22857	-8.46361E-9
0.052	4.89235E-10	0.26	7.35183E-9	-0.4	-1.76486E-8	-0.17143	-4.72533E-9	-0.17143	-4.64072E-9
0.054	5.08308E-10	0.27	8.75515E-9	-0.35	-1.7056E-8	-0.11429	-1.85194E-9	-0.11429	-1.83944E-9
0.056	5.26547E-10	0.28	1.06938E-8	-0.3	-1.66321E-8	-0.05714	-4.89306E-10	-0.05714	-4.90236E-10
0.058	5.45383E-10	0.29	1.70411E-8	-0.25	-1.27693E-8			0	5.09381E-11
0.06	5.57184E-10	0.3	2.28173E-8	-0.2	-8.39402E-9				
0.062	5.8341E-10	0.31	2.69771E-8	-0.15	-4.51311E-9				
0.064	6.05941E-10	0.32	3.12148E-8	-0.1	-1.71535E-9				
0.066	6.27041E-10	0.33	3.68697E-8	-0.05	-4.65095E-10				
0.068	6.47306E-10	0.34	4.09649E-8	0	3.20554E-11				
0.07	6.69718E-10	0.35	4.90482E-8						
0.072	6.81162E-10	0.36	5.55159E-8						
0.074	7.08938E-10	0.37	6.17376E-8						
0.076	7.2813E-10	0.38	6.84625E-8						
0.078	7.50184E-10	0.39	7.38384E-8						
0.08	7.71403E-10	0.4	7.94668E-8						
0.082	7.98225E-10	0.4	8.07113E-8						
0.084	8.25286E-10	0.39	7.7654E-8						
0.086	8.39591E-10	0.38	7.60964E-8						
0.088	8.68082E-10	0.37	7.51562E-8						
0.09	8.95739E-10	0.36	6.2579E-8						
0.092	9.11355E-10	0.35	5.87268E-8						
0.094	9.49502E-10	0.34	5.36051E-8						
0.096	9.65595E-10	0.33	3.94425E-8						
0.098	9.96113E-10	0.32	3.39461E-8						
0.1	1.02365E-9	0.31	3.14079E-8						
0.102	1.04964E-9	0.3	2.88394E-8						
0.104	1.07098E-9	0.29	3.2955E-8						
0.106	1.09529E-9	0.28	2.71299E-8						
0.108	1.13189E-9	0.27	2.25925E-8						
0.11	1.16396E-9	0.26	2.0637E-8						
0.112	1.19603E-9	0.25	1.87068E-8						
0.114	1.22988E-9	0.24	1.68033E-8						
0.116	1.26398E-9	0.23	1.46108E-8						
0.118	1.29676E-9	0.22	1.24649E-8						
0.12	1.34683E-9	0.21	1.04941E-8						
0.122	1.38581E-9	0.2	8.90979E-9						
0.124	1.41823E-9	0.19	7.68417E-9						
0.126	1.46329E-9	0.18	6.64982E-9						
0.128	1.51324E-9	0.17	5.67521E-9						
0.13	1.55652E-9	0.16	4.72379E-9						
0.132	1.61338E-9	0.15	3.76356E-9						
0.134	1.6526E-9	0.14	2.86398E-9						
0.136	1.69444E-9	0.13	2.35032E-9						
0.138	1.74975E-9	0.12	1.95087E-9						
0.14	1.7997E-9	0.11	1.60397E-9						
0.142	1.85001E-9	0.1	1.33868E-9						
0.144	1.90306E-9	0.09	1.1025E-9						
0.146	1.95277E-9	0.08	8.98457E-10						
0.148	1.94633E-9	0.07	7.10309E-10						
0.15	1.99533E-9	0.06	5.47898E-10						
0.152	2.06554E-9	0.05	4.06837E-10						
0.154	2.10249E-9	0.04	2.88403E-10						
0.156	2.16305E-9	0.03	1.9201E-10						
0.158	2.24149E-9	0.02	1.16265E-10						
0.16	2.30992E-9	0.01	5.34058E-11						
0.162	2.39527E-9	0	-1.16825E-12						
0.164	2.47204E-9	-0.01	-5.27143E-11						
0.166	2.53844E-9	-0.02	-1.02448E-10						
0.168	2.64013E-9	-0.03	-1.51241E-10						
0.17	2.74241E-9	-0.04	-2.00403E-10						
0.172	2.96485E-9	-0.05	-2.53379E-10						
0.174	3.75474E-9	-0.06	-3.09777E-10						
0.176	3.92055E-9	-0.07	-3.71122E-10						
0.178	4.10557E-9	-0.08	-4.41217E-10						
0.18	4.27341E-9	-0.09	-5.18954E-10						
0.182	4.47583E-9	-0.1	-6.09911E-10						
0.184	4.76706E-9	-0.11	-7.15745E-10						
0.186	4.57227E-9	-0.12	-8.44359E-10						
0.188	4.71139E-9	-0.13	-1.00281E-9						
0.19	4.87041E-9	-0.14	-1.20107E-9						
0.192	5.03242E-9	-0.15	-1.45566E-9						
0.194	5.1775E-9	-0.16	-1.82072E-9						
0.196	5.32341E-9	-0.17	-2.7696E-9						
0.198	5.5114E-9	-0.18	-3.80318E-9						
0.2	5.68378E-9	-0.19	-4.60224E-9						
0.202	5.8583E-9	-0.2	-5.49085E-9						
0.204	6.06E-9	-0.21	-7.23863E-9						
0.206	6.23345E-9	-0.22	-9.26206E-9						
0.208	6.4131E-9	-0.23	-1.10974E-8						
0.21	6.59478E-9	-0.24	-1.36642E-8						
0.212	6.79207E-9	-0.25	-1.57859E-8						
0.214	7.00653E-9	-0.26	-1.91236E-8						
0.216	7.2242E-9	-0.27	-2.16287E-8						
0.218	7.46787E-9	-0.28	-2.43263E-8						
0.22	7.77781E-9	-0.29	-2.84824E-8						
0.222	8.49593E-9	-0.3	-3.15424E-8						
0.224	9.24945E-9	-0.31	-3.4504E-8						
0.226	9.74941E-9	-0.32	-3.77572E-8						
0.228	1.02453E-8	-0.33	-4.07581E-8						
0.23	1.95531E-8	-0.34	-4.39367E-8						
0.232	1.954E-8	-0.35	-4.76548E-8						
0.234	2.06677E-8	-0.36	-5.15993E-8						
0.236	2.16271E-8	-0.37	-5.55117E-8						
0.238	2.26215E-8	-0.38	-5.95668E-8						
0.24	2.35748E-8	-0.39	-6.3506E-8						
0.242	2.44159E-8	-0.4	-6.79273E-8						
0.244	2.51793E-8	-0.4	-6.88928E-8						
0.246	2.58635E-8	-0.39	-6.63324E-8						
0.248	2.65839E-8	-0.38	-6.34638E-8						
0.25	2.73553E-8	-0.37	-6.04184E-8						
0.252	2.80573E-8	-0.36	-5.72992E-8						
0.254	2.87946E-8	-0.35	-5.41617E-8						
0.256	2.95486E-8	-0.34	-5.08671E-8						
0.258	3.03141E-8	-0.33	-4.76609E-8						
0.26	3.10415E-8	-0.32	-4.41365E-8						
0.262	3.18035E-8	-0.31	-4.07601E-8						
0.264	3.25186E-8	-0.3	-3.79711E-8						
0.266	3.3326E-8	-0.29	-3.54555E-8						
0.268	3.40602E-8	-0.28	-3.2984E-8						
0.27	3.48268E-8	-0.27	-3.06396E-8						
0.272	3.5585E-8	-0.26	-2.82356E-8						
0.274	3.64388E-8	-0.25	-2.5963E-8						
0.276	3.73981E-8	-0.24	-2.3837E-8						
0.278	3.8337E-8	-0.23	-2.17421E-8						
0.28	3.95485E-8	-0.22	-1.97088E-8						
0.282	4.15567E-8	-0.21	-1.77516E-8						
0.284	4.35613E-8	-0.2	-1.58273E-8						
0.286	4.47464E-8	-0.19	-1.40999E-8						
0.288	4.91213E-8	-0.18	-1.25845E-8						
0.29	5.07666E-8	-0.17	-1.12017E-8						
0.292	5.2193E-8	-0.16	-9.85521E-9						
0.294	5.34718E-8	-0.15	-8.64555E-9						
0.296	5.48487E-8	-0.14	-7.48831E-9						
0.298	5.61253E-8	-0.13	-6.35327E-9						
0.3	5.74144E-8	-0.12	-5.31107E-9						
0.302	5.86371E-8	-0.11	-4.35071E-9						
0.304	5.99509E-8	-0.1	-3.27976E-9						
0.306	6.09271E-8	-0.09	-2.25672E-9						
0.308	6.21768E-8	-0.08	-1.67512E-9						
0.31	6.34047E-8	-0.07	-1.19843E-9						
0.312	6.46036E-8	-0.06	-8.3642E-10						
0.314	6.57872E-8	-0.05	-5.69773E-10						
0.316	6.7077E-8	-0.04	-3.78454E-10						
0.318	6.81027E-8	-0.03	-2.437E-10						
0.32	6.91888E-8	-0.02	-1.46496E-10						
0.322	7.04271E-8	-0.01	-6.4218E-11						
0.324	7.16929E-8	0	7.05719E-12						
0.326	7.27968E-8								
0.328	7.38975E-8								
0.33	7.51865E-8								
0.332	7.6598E-8								
0.334	7.83148E-8								
0.336	8.19E-8								
0.338	8.27256E-8								
0.34	8.35615E-8								
0.342	8.4517E-8								
0.344	8.57041E-8								
0.346	8.69088E-8								
0.348	8.77607E-8								
0.35	8.88207E-8								
0.352	8.99649E-8								
0.354	9.12237E-8								
0.356	9.26379E-8								
0.358	9.41678E-8								
0.36	9.549E-8								
0.362	9.71901E-8								
0.364	9.87293E-8								
0.366	1.00148E-7								
0.368	1.01991E-7								
0.37	1.03805E-7								
0.372	1.05507E-7								
0.374	1.07211E-7								
0.376	1.08705E-7								
0.378	1.1026E-7								
0.38	1.11841E-7								
0.382	1.13201E-7								
0.384	1.14754E-7								
0.386	1.16098E-7								
0.388	1.17424E-7								
0.39	1.19045E-7								
0.392	1.20383E-7								
0.394	1.21844E-7								
0.396	1.23497E-7								
0.398	1.24986E-7								
0.4	1.2648E-7								
0.4	1.26977E-7								
0.398	1.26014E-7								
0.396	1.24746E-7								
0.394	1.23627E-7								
0.392	1.22553E-7								
0.39	1.21348E-7								
0.388	1.20045E-7								
0.386	1.18792E-7								
0.384	1.17569E-7								
0.382	1.16403E-7								
0.38	1.14874E-7								
0.378	1.13727E-7								
0.376	1.12447E-7								
0.374	1.11157E-7								
0.372	1.09804E-7								
0.37	1.08443E-7								
0.368	1.07283E-7								
0.366	1.06004E-7								
0.364	1.04813E-7								
0.362	1.03205E-7								
0.36	1.01544E-7								
0.358	9.99984E-8								
0.356	9.87122E-8								
0.354	9.76193E-8								
0.352	9.66488E-8								
0.35	9.559E-8								
0.348	9.41772E-8								
0.346	9.28473E-8								
0.344	9.18581E-8								
0.342	9.06991E-8								
0.34	8.94909E-8								
0.338	8.84359E-8								
0.336	8.73351E-8								
0.334	8.60881E-8								
0.332	8.48553E-8								
0.33	8.37402E-8								
0.328	8.27938E-8								
0.326	8.17051E-8								
0.324	8.06124E-8								
0.322	7.94982E-8								
0.32	7.84439E-8								
0.318	7.73529E-8								
0.316	7.62446E-8								
0.314	7.51883E-8								
0.312	7.40864E-8								
0.31	7.29015E-8								
0.308	7.16168E-8								
0.306	7.0516E-8								
0.304	6.93837E-8								
0.302	6.79848E-8								
0.3	6.68404E-8								
0.298	6.56855E-8								
0.296	6.44993E-8								
0.294	6.34501E-8								
0.292	6.23397E-8								
0.29	6.12763E-8								
0.288	6.02071E-8								
0.286	5.92583E-8								
0.284	5.83074E-8								
0.282	5.73554E-8								
0.28	5.64255E-8								
0.278	5.55406E-8								
0.276	5.46275E-8								
0.274	5.37941E-8								
0.272	5.28752E-8								
0.27	5.20197E-8								
0.268	5.11149E-8								
0.266	5.02733E-8								
0.264	4.94622E-8								
0.262	4.8625E-8								
0.26	4.77663E-8								
0.258	4.6868E-8								
0.256	4.58992E-8								
0.254	4.4992E-8								
0.252	4.40598E-8								
0.25	4.31567E-8								
0.248	4.22206E-8								
0.246	4.12313E-8								
0.244	4.00817E-8								
0.242	3.85036E-8								
0.24	3.20632E-8								
0.238	3.15233E-8								
0.236	3.10101E-8								
0.234	3.0471E-8								
0.232	2.99014E-8								
0.23	2.93162E-8								
0.228	2.87235E-8								
0.226	2.81017E-8								
0.224	2.74625E-8								
0.222	2.68691E-8								
0.22	2.6274E-8								
0.218	2.56522E-8								
0.216	2.50853E-8								
0.214	2.44471E-8								
0.212	2.38516E-8								
0.21	2.32512E-8								
0.208	2.26901E-8								
0.206	2.21568E-8								
0.204	2.16017E-8								
0.202	2.10903E-8								
0.2	2.05617E-8								
0.198	2.00148E-8								
0.196	1.95256E-8								
0.194	1.90625E-8								
0.192	1.85924E-8								
0.19	1.81459E-8								
0.188	1.7719E-8								
0.186	1.72726E-8								
0.184	1.68691E-8								
0.182	1.64752E-8								
0.18	1.60832E-8								
0.178	1.56845E-8								
0.176	1.52967E-8								
0.174	1.49188E-8								
0.172	1.45082E-8								
0.17	1.41456E-8								
0.168	1.38026E-8								
0.166	1.34352E-8								
0.164	1.30831E-8								
0.162	1.27097E-8								
0.16	1.23591E-8								
0.158	1.19925E-8								
0.156	1.16211E-8								
0.154	1.12442E-8								
0.152	1.0859E-8								
0.15	1.04996E-8								
0.148	1.0133E-8								
0.146	9.73845E-9								
0.144	9.4099E-9								
0.142	9.08506E-9								
0.14	8.79788E-9								
0.138	8.52299E-9								
0.136	8.26347E-9								
0.134	8.01313E-9								
0.132	7.75325E-9								
0.13	7.51507E-9								
0.128	7.25639E-9								
0.126	7.01118E-9								
0.124	6.76835E-9								
0.122	6.54757E-9								
0.12	6.30057E-9								
0.118	6.06775E-9								
0.116	5.84865E-9								
0.114	5.61059E-9								
0.112	5.37312E-9								
0.11	5.15461E-9								
0.108	4.94242E-9								
0.106	4.69303E-9								
0.104	4.4564E-9								
0.102	4.24409E-9								
0.1	4.02629E-9								
0.098	3.80433E-9								
0.096	3.56734E-9								
0.094	3.34203E-9								
0.092	3.14105E-9								
0.09	2.91228E-9								
0.088	2.68567E-9								
0.086	2.48456E-9								
0.084	2.2999E-9								
0.082	2.13349E-9								
0.08	1.97995E-9								
0.078	1.80066E-9								
0.076	1.32835E-9								
0.074	1.25563E-9								
0.072	1.21272E-9								
0.07	1.16563E-9								
0.068	1.11771E-9								
0.066	1.07276E-9								
0.064	1.02448E-9								
0.062	9.799E-10								
0.06	9.2423E-10								
0.058	8.7142E-10								
0.056	8.16464E-10								
0.054	7.52926E-10								
0.052	6.81996E-10								
0.05	6.43253E-10								
0.048	6.00934E-10								
0.046	5.76138E-10								
0.044	5.3978E-10								
0.042	5.14269E-10								
0.04	4.84586E-10								
0.038	4.62651E-10								
0.036	4.32968E-10								
0.034	4.01258E-10								
0.032	3.7086E-10								
0.03	3.43919E-10								
0.028	3.2258E-10								
0.026	2.9695E-10								
0.024	2.6989E-10								
0.022	2.46525E-10								
0.02	2.26974E-10								
0.018	1.98007E-10								
0.016	1.77145E-10								
0.014	1.55449E-10								
0.012	1.32918E-10								
0.01	1.09196E-10								
0.008	8.57115E-11								
0.006	6.11544E-11								
0.004	4.25577E-11								
0.002	1.7643E-11								
0	-1.23978E-11								
-0.002	-3.48091E-11								
-0.004	-5.87702E-11								
-0.006	-8.98838E-11								
-0.008	-1.09076E-10								
-0.01	-1.297E-10								
-0.012	-1.50085E-10								
-0.014	-1.79768E-10								
-0.016	-2.05874E-10								
-0.018	-2.34485E-10								
-0.02	-2.50459E-10								
-0.022	-2.72632E-10								
-0.024	-3.00288E-10								
-0.026	-3.30806E-10								
-0.028	-3.58582E-10								
-0.03	-3.85523E-10								
-0.032	-4.10438E-10								
-0.034	-4.37498E-10								
-0.036	-4.70757E-10								
-0.038	-5.00441E-10								
-0.04	-5.27859E-10								
-0.042	-5.53489E-10								
-0.044	-5.76138E-10								
-0.046	-6.09159E-10								
-0.048	-6.50406E-10								
-0.05	-6.74605E-10								
-0.052	-7.13825E-10								
-0.054	-7.447E-10								
-0.056	-7.67946E-10								
-0.058	-8.19206E-10								
-0.06	-8.4722E-10								
-0.062	-8.92401E-10								
-0.064	-9.23872E-10								
-0.066	-9.60708E-10								
-0.068	-1.00589E-9								
-0.07	-1.04666E-9								
-0.072	-1.08933E-9								
-0.074	-1.13368E-9								
-0.076	-1.17886E-9								
-0.078	-1.22547E-9								
-0.08	-1.28114E-9								
-0.082	-1.33443E-9								
-0.084	-1.39785E-9								
-0.086	-1.454E-9								
-0.088	-1.5074E-9								
-0.09	-1.55962E-9								
-0.092	-1.62661E-9								
-0.094	-1.69134E-9								
-0.096	-1.75989E-9								
-0.098	-1.83189E-9								
-0.1	-1.91355E-9								
-0.102	-2.00927E-9								
-0.104	-2.10464E-9								
-0.106	-2.20525E-9								
-0.108	-2.32387E-9								
-0.11	-2.67243E-9								
-0.112	-2.95115E-9								
-0.114	-3.12603E-9								
-0.116	-3.29649E-9								
-0.118	-3.46947E-9								
-0.12	-3.70502E-9								
-0.122	-3.93534E-9								
-0.124	-4.2268E-9								
-0.126	-4.52161E-9								
-0.128	-4.77159E-9								
-0.13	-5.02384E-9								
-0.132	-5.29444E-9								
-0.134	-5.57256E-9								
-0.136	-5.88441E-9								
-0.138	-6.21521E-9								
-0.14	-7.03585E-9								
-0.142	-7.35128E-9								
-0.144	-7.64585E-9								
-0.146	-7.87997E-9								
-0.148	-8.15153E-9								
-0.15	-8.42261E-9								
-0.152	-8.70204E-9								
-0.154	-8.98981E-9								
-0.156	-9.31156E-9								
-0.158	-9.63449E-9								
-0.16	-1.00402E-8								
-0.162	-1.08975E-8								
-0.164	-1.13226E-8								
-0.166	-1.15675E-8								
-0.168	-1.18543E-8								
-0.17	-1.21574E-8								
-0.172	-1.24524E-8								
-0.174	-1.27E-8								
-0.176	-1.30336E-8								
-0.178	-1.33252E-8								
-0.18	-1.36118E-8								
-0.182	-1.3926E-8								
-0.184	-1.42707E-8								
-0.186	-1.46149E-8								
-0.188	-1.53501E-8								
-0.19	-1.60631E-8								
-0.192	-1.77143E-8								
-0.194	-1.82616E-8								
-0.196	-1.87439E-8								
-0.198	-1.91903E-8								
-0.2	-1.96694E-8								
-0.202	-2.01126E-8								
-0.204	-2.05413E-8								
-0.206	-2.09703E-8								
-0.208	-2.14223E-8								
-0.21	-2.1862E-8								
-0.212	-2.23303E-8								
-0.214	-2.27653E-8								
-0.216	-2.32621E-8								
-0.218	-2.36968E-8								
-0.22	-2.41969E-8								
-0.222	-2.46372E-8								
-0.224	-2.50813E-8								
-0.226	-2.5594E-8								
-0.228	-2.60372E-8								
-0.23	-2.64927E-8								
-0.232	-2.69866E-8								
-0.234	-2.7503E-8								
-0.236	-2.79965E-8								
-0.238	-2.84719E-8								
-0.24	-2.89266E-8								
-0.242	-2.94149E-8								
-0.244	-2.99188E-8								
-0.246	-3.04499E-8								
-0.248	-3.08858E-8								
-0.25	-3.14066E-8								
-0.252	-3.18965E-8								
-0.254	-3.24212E-8								
-0.256	-3.30112E-8								
-0.258	-3.35729E-8								
-0.26	-3.41742E-8								
-0.262	-3.47528E-8								
-0.264	-3.53072E-8								
-0.266	-3.59882E-8								
-0.268	-3.66012E-8								
-0.27	-3.71597E-8								
-0.272	-3.77358E-8								
-0.274	-3.83124E-8								
-0.276	-3.88849E-8								
-0.278	-3.94319E-8								
-0.28	-3.99885E-8								
-0.282	-4.05732E-8								
-0.284	-4.11453E-8								
-0.286	-4.17277E-8								
-0.288	-4.23329E-8								
-0.29	-4.28363E-8								
-0.292	-4.33595E-8								
-0.294	-4.38896E-8								
-0.296	-4.45178E-8								
-0.298	-4.50487E-8								
-0.3	-4.55936E-8								
-0.302	-4.61829E-8								
-0.304	-4.66622E-8								
-0.306	-4.72385E-8								
-0.308	-4.77215E-8								
-0.31	-4.83533E-8								
-0.312	-4.88356E-8								
-0.314	-4.9402E-8								
-0.316	-4.98933E-8								
-0.318	-5.04291E-8								
-0.32	-5.1083E-8								
-0.322	-5.1667E-8								
-0.324	-5.21371E-8								
-0.326	-5.28063E-8								
-0.328	-5.33394E-8								
-0.33	-5.39002E-8								
-0.332	-5.44567E-8								
-0.334	-5.49955E-8								
-0.336	-5.56436E-8								
-0.338	-5.6191E-8								
-0.34	-5.67824E-8								
-0.342	-5.73874E-8								
-0.344	-5.79871E-8								
-0.346	-5.84844E-8								
-0.348	-5.90845E-8								
-0.35	-5.95903E-8								
-0.352	-6.04954E-8								
-0.354	-6.11861E-8								
-0.356	-6.16547E-8								
-0.358	-6.2408E-8								
-0.36	-6.30108E-8								
-0.362	-6.35408E-8								
-0.364	-6.40998E-8								
-0.366	-6.48031E-8								
-0.368	-6.52703E-8								
-0.37	-6.60202E-8								
-0.372	-6.65411E-8								
-0.374	-6.72324E-8								
-0.376	-6.78319E-8								
-0.378	-6.84779E-8								
-0.38	-6.91326E-8								
-0.382	-6.97454E-8								
-0.384	-6.85473E-8								
-0.386	-6.89161E-8								
-0.388	-6.93754E-8								
-0.39	-6.98129E-8								
-0.392	-7.02735E-8								
-0.394	-7.07849E-8								
-0.396	-7.13521E-8								
-0.398	-7.18876E-8								
-0.4	-7.2486E-8								
-0.4	-7.24469E-8								
-0.398	-7.18478E-8								
-0.396	-7.1234E-8								
-0.394	-7.05414E-8								
-0.392	-6.99801E-8								
-0.39	-6.93229E-8								
-0.388	-6.87786E-8								
-0.386	-6.80971E-8								
-0.384	-6.74013E-8								
-0.382	-6.67911E-8								
-0.38	-6.61969E-8								
-0.378	-6.55642E-8								
-0.376	-6.48737E-8								
-0.374	-6.42188E-8								
-0.372	-6.35133E-8								
-0.37	-6.29859E-8								
-0.368	-6.2247E-8								
-0.366	-6.16207E-8								
-0.364	-6.10125E-8								
-0.362	-6.03853E-8								
-0.36	-5.98835E-8								
-0.358	-5.92257E-8								
-0.356	-5.85973E-8								
-0.354	-5.80915E-8								
-0.352	-5.75517E-8								
-0.35	-5.69842E-8								
-0.348	-5.64709E-8								
-0.346	-5.58434E-8								
-0.344	-5.52833E-8								
-0.342	-5.467E-8								
-0.34	-5.41046E-8								
-0.338	-5.36082E-8								
-0.336	-5.29827E-8								
-0.334	-5.24321E-8								
-0.332	-5.19084E-8								
-0.33	-5.14147E-8								
-0.328	-5.07966E-8								
-0.326	-5.02725E-8								
-0.324	-4.96604E-8								
-0.322	-4.91383E-8								
-0.32	-4.85971E-8								
-0.318	-4.80126E-8								
-0.316	-4.7525E-8								
-0.314	-4.69818E-8								
-0.312	-4.64625E-8								
-0.31	-4.58522E-8								
-0.308	-4.53305E-8								
-0.306	-4.47828E-8								
-0.304	-4.42961E-8								
-0.302	-4.37739E-8								
-0.3	-4.32345E-8								
-0.298	-4.26794E-8								
-0.296	-4.21391E-8								
-0.294	-4.1616E-8								
-0.292	-4.11011E-8								
-0.29	-4.06308E-8								
-0.288	-4.01174E-8								
-0.286	-3.96303E-8								
-0.284	-3.91251E-8								
-0.282	-3.8648E-8								
-0.28	-3.8138E-8								
-0.278	-3.76171E-8								
-0.276	-3.72037E-8								
-0.274	-3.6671E-8								
-0.272	-3.6168E-8								
-0.27	-3.5705E-8								
-0.268	-3.52811E-8								
-0.266	-3.48575E-8								
-0.264	-3.44291E-8								
-0.262	-3.39758E-8								
-0.26	-3.35163E-8								
-0.258	-3.30776E-8								
-0.256	-3.26699E-8								
-0.254	-3.22452E-8								
-0.252	-3.18305E-8								
-0.25	-3.14028E-8								
-0.248	-3.1028E-8								
-0.246	-3.06076E-8								
-0.244	-3.02137E-8								
-0.242	-2.98157E-8								
-0.24	-2.9447E-8								
-0.238	-2.905E-8								
-0.236	-2.86918E-8								
-0.234	-2.82741E-8								
-0.232	-2.78674E-8								
-0.23	-2.74794E-8								
-0.228	-2.70907E-8								
-0.226	-2.67134E-8								
-0.224	-2.63461E-8								
-0.222	-2.59712E-8								
-0.22	-2.56149E-8								
-0.218	-2.52236E-8								
-0.216	-2.48789E-8								
-0.214	-2.44877E-8								
-0.212	-2.41352E-8								
-0.21	-2.37505E-8								
-0.208	-2.33828E-8								
-0.206	-2.30496E-8								
-0.204	-2.27174E-8								
-0.202	-2.23458E-8								
-0.2	-2.19932E-8								
-0.198	-2.16128E-8								
-0.196	-2.13124E-8								
-0.194	-2.09204E-8								
-0.192	-2.06026E-8								
-0.19	-2.02289E-8								
-0.188	-1.99156E-8								
-0.186	-1.95287E-8								
-0.184	-1.91884E-8								
-0.182	-1.88403E-8								
-0.18	-1.85308E-8								
-0.178	-1.81891E-8								
-0.176	-1.79073E-8								
-0.174	-1.76214E-8								
-0.172	-1.73345E-8								
-0.17	-1.69507E-8								
-0.168	-1.65918E-8								
-0.166	-1.6185E-8								
-0.164	-1.58359E-8								
-0.162	-1.54587E-8								
-0.16	-1.50847E-8								
-0.158	-1.46966E-8								
-0.156	-1.43696E-8								
-0.154	-1.4024E-8								
-0.152	-1.36671E-8								
-0.15	-1.33187E-8								
-0.148	-1.29684E-8								
-0.146	-1.262E-8								
-0.144	-1.22919E-8								
-0.142	-1.19209E-8								
-0.14	-1.16069E-8								
-0.138	-1.1284E-8								
-0.136	-1.09729E-8								
-0.134	-1.06423E-8								
-0.132	-1.03155E-8								
-0.13	-9.98247E-9								
-0.128	-9.65464E-9								
-0.126	-9.33588E-9								
-0.124	-9.01735E-9								
-0.122	-8.69954E-9								
-0.12	-8.40032E-9								
-0.118	-8.08692E-9								
-0.116	-7.77245E-9								
-0.114	-7.46095E-9								
-0.112	-7.18844E-9								
-0.11	-6.89876E-9								
-0.108	-6.61921E-9								
-0.106	-6.34682E-9								
-0.104	-6.04296E-9								
-0.102	-5.75054E-9								
-0.1	-5.40745E-9								
-0.098	-5.04541E-9								
-0.096	-4.61781E-9								
-0.094	-4.20594E-9								
-0.092	-3.72565E-9								
-0.09	-3.31461E-9								
-0.088	-3.08466E-9								
-0.086	-2.87998E-9								
-0.084	-2.70188E-9								
-0.082	-2.53224E-9								
-0.08	-2.35438E-9								
-0.078	-2.20764E-9								
-0.076	-2.07925E-9								
-0.074	-1.94943E-9								
-0.072	-1.83797E-9								
-0.07	-1.74272E-9								
-0.068	-1.64139E-9								
-0.066	-1.55926E-9								
-0.064	-1.46997E-9								
-0.062	-1.38271E-9								
-0.06	-1.29151E-9								
-0.058	-1.20461E-9								
-0.056	-1.13702E-9								
-0.054	-1.07634E-9								
-0.052	-1.02031E-9								
-0.05	-9.62019E-10								
-0.048	-9.07421E-10								
-0.046	-8.52942E-10								
-0.044	-8.01802E-10								
-0.042	-7.59125E-10								
-0.04	-7.10964E-10								
-0.038	-6.6483E-10								
-0.036	-6.23822E-10								
-0.034	-5.83887E-10								
-0.032	-5.40137E-10								
-0.03	-4.99964E-10								
-0.028	-4.63486E-10								
-0.026	-4.19021E-10								
-0.024	-3.96848E-10								
-0.022	-3.49283E-10								
-0.02	-3.24726E-10								
-0.018	-2.90751E-10								
-0.016	-2.49147E-10								
-0.014	-2.26498E-10								
-0.012	-1.9455E-10								
-0.01	-1.59383E-10								
-0.008	-1.26719E-10								
-0.006	-1.03712E-10								
-0.004	-7.25985E-11								
-0.002	-4.73261E-11								
0	-8.82149E-12								